1	11/3/1996	4,5,30,33,41,52
2	18/03/1996	9,37,39,41,43,49
3	25/03/1996	10,11,29,30,36,47
4	1/4/1996	1,5,6,27,42,59
5	8/4/1996	1,2,6,16,19,46
6	15/04/1996	7,13,19,22,40,47
7	22/04/1996	3,5,20,21,38,56
8	29/04/1996	4,17,37,38,47,53
9	6/5/1996	8,43,54,55,56,60
10	13/05/1996	4,18,21,25,38,57
11	20/05/1996	15,25,37,38,58,59
12	27/05/1996	4,16,19,20,27,43
13	3/6/1996	18,32,47,50,54,56
14	10/6/1996	2,16,23,27,47,53
15	17/06/1996	12,33,35,51,52,60
16	24/06/1996	20,32,34,49,58,60
17	1/7/1996	6,10,13,19,20,51
18	8/7/1996	23,27,36,37,42,56
19	15/07/1996	5,10,12,24,25,60
20	22/07/1996	11,25,28,30,33,51
21	29/07/1996	6,33,36,46,49,53
22	5/8/1996	1,9,31,38,46,56
23	12/8/1996	17,37,39,51,52,59
24	19/08/1996	1,8,14,28,33,43
25	25/08/1996	24,43,50,54,55,56
26	1/9/1996	10,22,50,53,57,58
27	8/9/1996	13,17,20,33,44,51
28	15/09/1996	3,6,22,24,54,60
29	22/09/1996	3,8,14,43,56,58
30	29/09/1996	7,14,15,29,38,50
31	6/10/1996	17,19,28,45,48,56
32	13/10/1996	5,14,33,36,43,44
33	20/10/1996	5,17,33,39,42,49
34	27/10/1996	13,15,17,40,53,57
35	3/11/1996	4,16,21,23,54,57
36	10/11/1996	3,13,17,25,29,51
37	17/11/1996	6,7,22,38,52,60
38	24/11/1996	10,42,43,45,54,55
39	1/12/1996	12,16,37,45,52,56
40	8/12/1996	3,5,8,12,46,47
41	15/12/1996	12,26,35,38,39,47
42	22/12/1996	7,11,19,24,33,36
43	29/12/1996	2,6,17,25,26,58
44	5/1/1997	14,18,29,38,44,47
45	12/1/1997	7,30,37,44,53,55
46	19/01/1997	1,23,24,32,46,60
47	26/01/1997	3,17,25,35,48,56
48	2/2/1997	2,5,28,34,47,50
49	9/2/1997	7,13,33,35,43,55
50	16/02/1997	6,16,21,44,57,58
51	23/02/1997	17,23,24,25,42,47
52	2/3/1997	15,30,38,46,58,59
53	9/3/1997	3,13,16,38,42,46
54	16/03/1997	5,9,18,21,36,56
55	23/03/1997	2,14,23,29,38,52
56	30/03/1997	2,7,20,35,51,59
57	6/4/1997	7,16,17,27,34,59
58	13/04/1997	12,27,30,37,44,49
59	20/04/1997	2,8,13,28,34,54
60	27/04/1997	3,14,15,20,21,38
61	4/5/1997	8,18,29,42,44,59
62	11/5/1997	6,8,13,24,31,52
63	18/05/1997	9,25,26,40,41,49
64	25/05/1997	8,12,23,50,54,60
65	1/6/1997	1,5,20,25,32,34
66	8/6/1997	12,13,15,26,33,48
67	15/06/1997	12,14,17,27,47,52
68	22/06/1997	1,3,12,13,53,59
69	29/06/1997	25,34,45,53,56,58
70	6/7/1997	17,23,27,40,43,58
71	13/07/1997	16,27,33,43,45,53
72	20/07/1997	1,19,34,43,44,48
73	27/07/1997	25,26,28,45,51,57
74	3/8/1997	2,24,34,37,38,50
75	10/8/1997	21,24,35,36,37,49
76	17/08/1997	8,17,18,23,33,53
77	24/08/1997	21,29,40,49,54,57
78	31/08/1997	12,22,25,31,32,46
79	7/9/1997	2,13,17,25,31,43
80	14/09/1997	23,28,37,40,48,51
81	21/09/1997	10,23,41,47,54,60
82	28/09/1997	15,18,29,36,51,53
83	5/10/1997	4,15,16,24,42,57
84	12/10/1997	4,6,10,25,34,40
85	19/10/1997	6,15,30,37,45,47
86	26/10/1997	6,21,22,34,36,54
87	2/11/1997	4,5,11,28,32,40
88	9/11/1997	4,18,29,37,43,45
89	16/11/1997	13,34,42,44,55,59
90	23/11/1997	9,21,26,40,52,54
91	30/11/1997	2,4,10,35,39,60
92	7/12/1997	1,3,5,23,24,51
93	14/12/1997	2,22,28,31,36,53
94	21/12/1997	8,18,28,51,52,55
95	28/12/1997	6,40,45,46,50,60
96	4/1/1998	4,7,26,40,42,58
97	11/1/1998	5,11,14,35,53,56
98	18/01/1998	13,14,31,33,35,43
99	25/01/1998	11,24,30,33,46,60
100	1/2/1998	14,29,30,46,48,51
101	8/2/1998	1,18,29,31,37,39
102	15/02/1998	19,20,37,42,44,56
103	22/02/1998	1,7,9,49,54,57
104	1/3/1998	1,4,13,21,38,52
105	8/3/1998	3,13,31,43,46,49
106	15/03/1998	5,16,24,35,38,39
107	22/03/1998	2,4,16,24,51,52
108	29/03/1998	21,24,29,34,59,60
109	4/4/1998	1,13,44,48,49,54
110	11/4/1998	18,31,43,52,57,58
111	18/04/1998	4,22,25,32,33,52
112	25/04/1998	12,20,34,37,42,43
113	2/5/1998	7,26,28,34,54,55
114	9/5/1998	6,12,18,37,47,54
115	16/05/1998	4,6,14,20,24,38
116	23/05/1998	5,13,32,36,42,51
117	30/05/1998	20,25,27,33,42,53
118	6/6/1998	9,22,25,37,56,57
119	13/06/1998	1,21,36,38,47,50
120	20/06/1998	3,16,27,40,45,46
121	27/06/1998	2,29,41,44,53,55
122	4/7/1998	11,17,20,39,43,53
123	11/7/1998	13,14,16,26,32,42
124	18/07/1998	5,15,34,41,52,57
125	25/07/1998	25,41,47,53,56,59
126	1/8/1998	6,10,11,28,32,40
127	8/8/1998	21,29,50,51,54,59
128	15/08/1998	3,9,18,21,23,43
129	22/08/1998	1,9,10,32,46,54
130	29/08/1998	13,29,38,42,49,53
131	5/9/1998	4,9,17,27,30,44
132	12/9/1998	7,9,35,41,44,50
133	19/09/1998	5,6,19,34,39,57
134	26/09/1998	4,25,32,36,52,60
135	3/10/1998	21,22,35,40,53,59
136	10/10/1998	1,17,25,38,45,59
137	17/10/1998	15,16,19,22,26,49
138	24/10/1998	5,14,27,37,40,41
139	31/10/1998	3,13,26,27,41,42
140	7/11/1998	7,31,41,44,46,55
141	14/11/1998	10,13,22,41,42,58
142	21/11/1998	8,15,19,20,54,59
143	28/11/1998	6,18,20,40,50,53
144	5/12/1998	8,32,36,44,45,55
145	12/12/1998	15,16,31,41,43,51
146	19/12/1998	25,32,34,42,51,60
147	24/12/1998	6,16,23,24,28,38
148	31/12/1998	32,35,41,55,58,59
149	9/1/1999	7,11,20,28,45,48
150	16/01/1999	12,44,50,52,54,55
151	23/01/1999	3,16,20,43,52,56
152	30/01/1999	5,12,15,29,51,58
153	6/2/1999	2,30,31,42,45,47
154	13/02/1999	8,10,24,33,45,48
155	20/02/1999	12,30,32,35,43,44
156	27/02/1999	17,23,42,49,52,55
157	6/3/1999	4,13,17,21,41,44
158	13/03/1999	4,14,17,43,51,58
159	20/03/1999	9,11,16,35,50,58
160	27/03/1999	2,13,42,52,54,58
161	3/4/1999	6,25,30,37,39,41
162	10/4/1999	21,23,33,38,48,51
163	17/04/1999	8,27,36,41,53,56
164	24/04/1999	4,10,14,19,28,44
165	1/5/1999	10,19,23,35,39,56
166	8/5/1999	12,13,22,57,59,60
167	15/05/1999	1,11,28,33,38,48
168	22/05/1999	2,9,31,35,45,50
169	29/05/1999	1,13,21,37,51,52
170	5/6/1999	7,41,46,51,55,58
171	12/6/1999	4,27,40,43,46,54
172	19/06/1999	10,14,26,35,36,49
173	26/06/1999	17,28,29,42,49,50
174	3/7/1999	11,22,23,36,52,59
175	10/7/1999	1,10,13,20,42,50
176	17/07/1999	1,3,4,28,45,53
177	24/07/1999	22,35,38,39,41,59
178	31/07/1999	5,15,19,26,27,33
179	7/8/1999	5,6,23,26,27,53
180	14/08/1999	6,23,29,39,51,60
181	21/08/1999	1,27,33,35,51,55
182	28/08/1999	3,5,10,28,46,60
183	4/9/1999	2,7,11,16,40,44
184	11/9/1999	9,16,21,34,41,60
185	18/09/1999	17,22,43,46,55,59
186	25/09/1999	14,23,24,25,26,51
187	2/10/1999	6,36,41,44,48,58
188	10/10/1999	17,27,34,42,43,46
189	16/10/1999	4,15,31,38,41,53
190	24/10/1999	5,10,21,32,40,42
191	31/10/1999	1,3,5,23,41,58
192	6/11/1999	1,26,28,41,54,60
193	13/11/1999	4,11,12,19,43,49
194	20/11/1999	25,28,32,33,42,43
195	27/11/1999	3,9,17,32,37,44
196	4/12/1999	7,9,14,17,24,32
197	11/12/1999	5,12,15,19,29,52
198	18/12/1999	1,8,18,23,35,40
199	24/12/1999	10,16,37,50,52,57
200	31/12/1999	12,15,19,34,44,51
201	8/1/2000	5,20,22,30,35,55
202	15/01/2000	12,24,44,45,49,53
203	22/01/2000	11,19,29,44,47,55
204	29/01/2000	29,31,39,41,51,58
205	5/2/2000	26,32,40,43,46,54
206	12/2/2000	18,20,26,34,51,56
207	19/02/2000	3,7,19,24,53,55
208	26/02/2000	15,23,24,25,47,57
209	4/3/2000	13,21,26,32,41,52
210	11/3/2000	20,32,37,38,48,58
211	18/03/2000	10,20,33,40,45,50
212	25/03/2000	6,15,29,45,57,59
213	1/4/2000	3,9,23,30,32,35
214	8/4/2000	6,12,30,31,35,50
215	15/04/2000	7,28,37,46,53,58
216	22/04/2000	14,18,30,35,42,59
217	29/04/2000	3,27,32,45,49,51
218	6/5/2000	12,17,40,42,47,54
219	13/05/2000	23,26,28,36,42,49
220	20/05/2000	13,14,36,53,55,60
221	27/05/2000	13,27,43,50,54,58
222	3/6/2000	5,19,30,48,52,55
223	10/6/2000	2,6,22,24,28,58
224	17/06/2000	7,16,18,20,21,44
225	24/06/2000	2,4,16,21,37,58
226	1/7/2000	1,2,38,49,50,59
227	8/7/2000	11,26,27,37,42,48
228	15/07/2000	13,16,40,43,45,59
229	22/07/2000	11,13,21,33,39,45
230	29/07/2000	8,40,41,44,53,56
231	5/8/2000	16,27,36,42,44,59
232	12/8/2000	19,22,29,37,41,59
233	19/08/2000	3,7,24,32,36,45
234	26/08/2000	15,25,41,42,45,54
235	2/9/2000	2,22,29,31,41,55
236	9/9/2000	10,25,50,52,57,60
237	16/09/2000	7,31,36,45,56,57
238	23/09/2000	9,13,15,37,41,42
239	30/09/2000	6,21,33,44,46,47
240	7/10/2000	25,28,38,41,57,59
241	14/10/2000	11,31,35,40,56,57
242	21/10/2000	4,7,21,22,28,56
243	28/10/2000	11,16,20,23,32,47
244	4/11/2000	19,24,33,47,50,60
245	11/11/2000	8,27,44,51,53,60
246	18/11/2000	2,16,32,37,43,57
247	25/11/2000	3,10,23,30,34,46
248	2/12/2000	16,32,34,35,41,56
249	9/12/2000	21,36,40,49,54,55
250	16/12/2000	7,25,41,42,43,55
251	23/12/2000	15,23,30,34,49,55
252	30/12/2000	4,17,26,32,51,54
253	6/1/2001	11,12,24,37,44,56
254	13/01/2001	1,4,21,22,30,56
255	20/01/2001	16,19,20,32,44,55
256	27/01/2001	2,21,26,32,34,52
257	3/2/2001	1,4,5,19,28,34
258	10/2/2001	7,12,50,54,55,60
259	17/02/2001	13,15,20,33,43,58
260	24/02/2001	4,6,33,43,59,60
261	3/3/2001	5,16,20,30,54,56
262	10/3/2001	11,20,48,53,58,60
263	17/03/2001	8,9,26,43,50,53
264	24/03/2001	1,5,13,25,31,33
265	31/03/2001	7,16,34,41,50,53
266	7/4/2001	2,23,38,46,48,54
267	14/04/2001	1,8,45,46,55,58
268	21/04/2001	5,6,10,21,33,47
269	28/04/2001	17,18,19,25,49,52
270	5/5/2001	5,9,27,35,40,45
271	12/5/2001	14,24,26,29,31,54
272	19/05/2001	9,10,24,36,56,58
273	26/05/2001	10,17,23,27,47,52
274	2/6/2001	11,13,18,26,39,47
275	9/6/2001	16,19,30,37,38,48
276	16/06/2001	22,39,45,53,57,59
277	23/06/2001	4,26,38,40,52,56
278	30/06/2001	10,15,18,22,31,55
279	7/7/2001	4,23,31,47,58,59
280	14/07/2001	5,16,20,25,30,58
281	21/07/2001	5,11,31,38,47,53
282	28/07/2001	9,14,23,24,33,36
283	1/8/2001	25,28,34,42,48,54
284	4/8/2001	7,8,14,30,32,36
285	8/8/2001	12,32,37,41,50,56
286	11/8/2001	29,35,37,44,47,56
287	15/08/2001	3,13,25,33,47,60
288	18/08/2001	6,9,11,17,18,50
289	22/08/2001	6,7,20,25,30,36
290	25/08/2001	7,25,26,30,40,57
291	29/08/2001	5,16,17,18,22,41
292	1/9/2001	13,23,24,34,45,53
293	5/9/2001	5,6,7,12,28,35
294	8/9/2001	22,25,28,41,45,57
295	12/9/2001	7,12,24,31,44,50
296	15/09/2001	3,20,42,46,51,52
297	19/09/2001	1,20,28,33,36,41
298	22/09/2001	5,22,23,24,34,60
299	26/09/2001	2,5,7,33,49,53
300	29/09/2001	24,27,28,38,41,57
301	3/10/2001	9,26,48,49,57,58
302	6/10/2001	12,25,30,40,41,60
303	10/10/2001	7,13,17,30,37,47
304	13/10/2001	7,11,34,41,42,59
305	17/10/2001	5,11,27,38,53,60
306	20/10/2001	19,30,41,47,56,57
307	24/10/2001	13,16,17,26,41,44
308	27/10/2001	4,11,25,29,39,55
309	31/10/2001	4,11,25,39,50,55
310	3/11/2001	2,14,28,29,31,32
311	7/11/2001	22,24,30,32,38,41
312	10/11/2001	14,23,30,41,47,50
313	14/11/2001	14,16,24,37,38,53
314	17/11/2001	5,32,34,37,40,58
315	21/11/2001	12,21,22,28,43,50
316	24/11/2001	6,24,28,43,51,56
317	28/11/2001	16,20,27,30,35,48
318	1/12/2001	3,19,20,31,40,53
319	5/12/2001	12,16,17,19,23,48
320	8/12/2001	20,22,27,47,50,53
321	12/12/2001	4,11,31,32,48,49
322	15/12/2001	11,18,29,44,47,56
323	19/12/2001	26,31,33,40,49,54
324	22/12/2001	8,15,22,25,30,47
325	29/12/2001	1,3,4,21,23,53
326	5/1/2002	21,23,40,44,51,52
327	9/1/2002	29,32,33,38,46,48
328	12/1/2002	5,7,14,21,23,51
329	16/01/2002	10,11,12,24,35,40
330	19/01/2002	2,4,14,23,37,51
331	23/01/2002	1,13,20,27,35,37
332	26/01/2002	23,28,29,34,42,44
333	30/01/2002	4,27,35,44,52,53
334	2/2/2002	14,23,24,26,41,51
335	6/2/2002	7,23,33,43,57,59
336	9/2/2002	2,18,22,26,30,54
337	16/02/2002	4,14,16,31,52,54
338	20/02/2002	1,4,9,36,46,48
339	23/02/2002	5,12,13,16,27,50
340	27/02/2002	9,10,12,33,42,60
341	2/3/2002	5,16,22,23,43,56
342	6/3/2002	16,29,34,49,51,54
343	9/3/2002	4,6,7,12,24,41
344	13/03/2002	10,12,14,33,35,36
345	16/03/2002	11,22,46,51,56,58
346	20/03/2002	7,12,41,46,56,60
347	23/03/2002	1,10,12,26,48,52
348	27/03/2002	19,30,33,39,40,52
349	30/03/2002	8,9,28,32,38,54
350	3/4/2002	10,15,23,30,43,57
351	6/4/2002	15,16,24,41,59,60
352	10/4/2002	7,20,25,44,47,49
353	13/04/2002	19,23,30,46,55,60
354	17/04/2002	7,16,38,40,41,52
355	20/04/2002	2,14,22,23,37,60
356	24/04/2002	5,19,21,54,56,58
357	27/04/2002	2,30,32,35,45,53
358	4/5/2002	12,17,21,32,40,42
359	8/5/2002	13,19,20,29,31,54
360	11/5/2002	23,24,29,47,53,55
361	15/05/2002	16,28,31,41,45,59
362	18/05/2002	7,20,33,37,46,56
363	22/05/2002	19,29,39,47,49,54
364	25/05/2002	5,29,44,51,57,59
365	29/05/2002	19,23,34,37,52,58
366	1/6/2002	4,6,7,15,21,51
367	5/6/2002	10,12,27,33,49,52
368	8/6/2002	13,29,32,38,44,50
369	12/6/2002	1,14,21,35,42,60
370	15/06/2002	1,4,40,42,51,54
371	19/06/2002	4,18,23,33,39,60
372	22/06/2002	16,17,24,39,46,57
373	26/06/2002	1,5,10,24,31,33
374	29/06/2002	2,5,16,26,44,54
375	3/7/2002	1,5,9,42,51,58
376	6/7/2002	10,13,25,35,43,48
377	10/7/2002	3,12,19,27,45,46
378	13/07/2002	5,38,41,45,48,55
379	17/07/2002	24,33,40,41,55,59
380	20/07/2002	13,22,30,31,47,57
381	24/07/2002	9,10,28,46,55,56
382	27/07/2002	31,34,37,38,53,54
383	31/07/2002	14,22,48,50,53,56
384	3/8/2002	24,28,40,47,50,52
385	7/8/2002	5,12,16,18,22,24
386	10/8/2002	17,35,36,39,43,54
387	14/08/2002	22,28,29,43,47,48
388	17/08/2002	23,36,48,52,53,58
389	21/08/2002	5,14,18,43,46,54
390	24/08/2002	7,12,22,34,38,53
391	28/08/2002	4,7,15,16,35,40
392	31/08/2002	15,23,31,39,47,49
393	4/9/2002	6,12,35,36,40,50
394	7/9/2002	5,15,35,42,45,49
395	11/9/2002	10,11,14,20,31,58
396	14/09/2002	6,18,34,42,45,47
397	18/09/2002	1,2,5,24,32,46
398	21/09/2002	7,16,22,28,36,37
399	25/09/2002	11,16,27,47,55,59
400	28/09/2002	10,13,28,29,54,59
401	2/10/2002	11,18,43,44,50,53
402	5/10/2002	5,16,27,43,56,58
403	9/10/2002	7,16,27,31,46,60
404	12/10/2002	1,24,28,38,40,58
405	16/10/2002	24,29,34,47,57,60
406	19/10/2002	2,12,32,38,47,48
407	23/10/2002	2,18,22,49,51,57
408	26/10/2002	14,28,33,44,49,56
409	30/10/2002	18,25,26,31,34,49
410	2/11/2002	8,24,31,36,38,55
411	6/11/2002	10,12,31,38,45,56
412	9/11/2002	5,12,14,21,45,59
413	13/11/2002	2,4,29,33,35,53
414	16/11/2002	16,26,35,45,52,58
415	20/11/2002	1,4,27,38,42,44
416	23/11/2002	1,13,23,33,54,56
417	27/11/2002	7,12,21,25,34,42
418	30/11/2002	8,15,32,45,49,52
419	4/12/2002	9,16,41,42,52,53
420	7/12/2002	12,29,30,43,57,59
421	11/12/2002	5,35,37,38,45,51
422	14/12/2002	12,37,43,55,56,60
423	18/12/2002	8,22,32,33,40,53
424	21/12/2002	18,27,29,36,46,59
425	28/12/2002	6,10,16,34,42,47
426	4/1/2003	7,30,32,37,50,54
427	8/1/2003	3,13,14,24,43,51
428	11/1/2003	8,28,30,32,46,60
429	15/01/2003	17,26,32,36,43,55
430	18/01/2003	8,10,21,25,38,50
431	22/01/2003	26,37,40,47,52,58
432	25/01/2003	4,13,17,27,39,50
433	29/01/2003	16,17,28,30,36,54
434	1/2/2003	4,10,17,24,30,54
435	5/2/2003	10,11,17,31,37,43
436	8/2/2003	1,6,7,29,48,57
437	12/2/2003	7,10,30,44,54,59
438	15/02/2003	3,5,11,14,38,48
439	19/02/2003	13,20,29,42,43,57
440	22/02/2003	3,5,23,30,46,47
441	26/02/2003	2,10,15,21,58,59
442	1/3/2003	6,15,23,31,37,59
443	8/3/2003	11,17,26,36,48,52
444	12/3/2003	3,24,33,48,52,57
445	15/03/2003	7,20,31,32,50,53
446	19/03/2003	8,11,12,17,20,47
447	22/03/2003	15,24,25,33,42,55
448	26/03/2003	3,5,9,45,51,52
449	29/03/2003	1,8,24,34,49,56
450	2/4/2003	1,9,13,50,51,59
451	5/4/2003	17,18,23,28,31,53
452	9/4/2003	11,16,30,36,51,54
453	12/4/2003	8,20,23,34,52,58
454	16/04/2003	4,17,24,42,46,56
455	19/04/2003	2,14,15,17,50,59
456	23/04/2003	3,17,22,27,33,40
457	26/04/2003	15,17,24,27,32,48
458	30/04/2003	13,24,32,34,43,53
459	3/5/2003	8,15,17,39,43,49
460	7/5/2003	19,23,30,37,49,55
461	10/5/2003	15,17,20,29,30,60
462	14/05/2003	17,19,22,26,27,48
463	17/05/2003	2,3,7,18,45,53
464	21/05/2003	6,24,33,38,45,50
465	24/05/2003	1,22,31,46,51,57
466	28/05/2003	11,16,28,29,30,45
467	31/05/2003	8,18,21,22,38,60
468	4/6/2003	5,6,23,25,39,51
469	7/6/2003	13,21,26,29,42,47
470	11/6/2003	8,11,23,37,51,58
471	14/06/2003	5,31,32,36,51,59
472	18/06/2003	3,4,12,29,38,51
473	21/06/2003	7,23,41,49,51,58
474	25/06/2003	3,12,32,34,40,50
475	28/06/2003	6,8,19,22,43,52
476	2/7/2003	17,20,38,43,55,58
477	5/7/2003	6,8,18,34,38,47
478	9/7/2003	3,8,21,25,30,31
479	12/7/2003	20,26,41,46,54,58
480	16/07/2003	14,33,36,38,41,49
481	19/07/2003	6,13,22,24,42,44
482	23/07/2003	12,13,33,53,54,56
483	26/07/2003	16,18,23,35,44,59
484	30/07/2003	17,18,19,38,49,53
485	2/8/2003	19,28,30,38,52,57
486	6/8/2003	8,14,19,30,42,50
487	9/8/2003	8,22,25,48,52,54
488	13/08/2003	15,30,35,39,43,57
489	16/08/2003	17,28,33,36,53,59
490	20/08/2003	5,11,23,29,54,58
491	23/08/2003	1,9,15,22,43,55
492	27/08/2003	2,6,15,18,56,57
493	30/08/2003	3,18,20,24,42,54
494	3/9/2003	18,20,28,32,49,53
495	6/9/2003	8,15,29,36,49,60
496	10/9/2003	10,19,20,29,41,59
497	13/09/2003	9,13,20,32,41,58
498	17/09/2003	2,6,28,49,50,57
499	20/09/2003	1,4,5,11,44,59
500	27/09/2003	21,29,35,36,38,54
501	1/10/2003	16,27,28,34,39,56
502	4/10/2003	7,13,21,24,33,50
503	8/10/2003	7,10,21,27,48,49
504	11/10/2003	8,11,19,30,39,50
505	15/10/2003	3,20,28,46,47,52
506	18/10/2003	4,15,31,34,37,38
507	22/10/2003	3,5,27,33,44,58
508	25/10/2003	5,10,15,45,46,56
509	29/10/2003	28,32,33,34,35,55
510	1/11/2003	1,4,30,41,45,58
511	5/11/2003	3,4,8,34,36,37
512	8/11/2003	4,8,31,40,53,58
513	12/11/2003	10,19,27,33,39,46
514	15/11/2003	15,36,40,42,51,52
515	19/11/2003	15,16,39,45,48,57
516	22/11/2003	5,13,24,33,34,35
517	26/11/2003	7,8,28,32,38,51
518	29/11/2003	5,8,10,15,18,44
519	3/12/2003	9,15,19,22,36,42
520	6/12/2003	9,12,17,32,34,35
521	10/12/2003	15,25,28,32,38,45
522	13/12/2003	6,14,15,25,49,52
523	17/12/2003	28,39,40,44,45,58
524	20/12/2003	19,29,34,41,47,48
525	27/12/2003	8,10,24,26,32,49
526	3/1/2004	3,21,31,36,55,59
527	7/1/2004	6,14,17,26,50,52
528	10/1/2004	8,12,28,31,34,37
529	14/01/2004	1,13,33,38,45,56
530	17/01/2004	1,6,21,25,32,49
531	21/01/2004	1,3,7,18,35,50
532	24/01/2004	4,9,12,13,52,53
533	28/01/2004	13,18,21,27,53,59
534	31/01/2004	3,8,23,31,48,57
535	4/2/2004	6,14,28,47,49,56
536	7/2/2004	14,15,22,23,25,37
537	11/2/2004	3,7,19,34,37,39
538	14/02/2004	3,25,43,45,52,56
539	18/02/2004	6,16,19,47,50,55
540	21/02/2004	4,22,28,30,44,49
541	28/02/2004	13,27,49,52,57,58
542	3/3/2004	4,6,19,28,35,49
543	6/3/2004	35,37,42,46,49,54
544	10/3/2004	11,17,33,34,47,56
545	13/03/2004	17,29,35,40,43,57
546	17/03/2004	4,5,13,17,46,54
547	20/03/2004	4,13,28,30,53,59
548	24/03/2004	14,47,49,51,58,59
549	27/03/2004	8,13,22,46,51,58
550	31/03/2004	16,17,38,39,45,56
551	3/4/2004	12,21,46,48,56,57
552	7/4/2004	9,22,47,49,52,54
553	10/4/2004	4,43,46,53,54,58
554	14/04/2004	15,29,31,42,47,60
555	17/04/2004	5,23,31,33,45,49
556	21/04/2004	8,10,17,30,33,45
557	24/04/2004	8,12,18,23,38,49
558	28/04/2004	7,14,31,57,58,59
559	1/5/2004	6,13,17,25,36,53
560	5/5/2004	2,11,18,30,32,58
561	8/5/2004	1,20,36,39,49,55
562	12/5/2004	16,23,35,37,55,57
563	15/05/2004	5,8,23,34,44,51
564	19/05/2004	10,13,20,32,38,49
565	22/05/2004	7,31,34,35,37,45
566	26/05/2004	6,13,17,18,20,37
567	29/05/2004	11,31,38,41,57,58
568	2/6/2004	13,17,22,25,29,41
569	5/6/2004	3,9,14,15,32,57
570	9/6/2004	15,32,33,35,36,51
571	12/6/2004	12,13,14,31,50,51
572	16/06/2004	3,9,16,20,33,60
573	19/06/2004	6,17,22,29,40,59
574	23/06/2004	2,10,17,23,32,44
575	26/06/2004	5,18,21,29,35,48
576	30/06/2004	7,8,18,39,43,52
577	3/7/2004	8,23,24,28,31,47
578	7/7/2004	3,18,23,48,56,58
579	10/7/2004	4,9,15,17,34,39
580	14/07/2004	15,16,18,28,38,47
581	17/07/2004	14,17,25,30,39,52
582	21/07/2004	13,29,40,45,51,59
583	24/07/2004	6,7,20,41,43,55
584	28/07/2004	7,8,23,30,32,53
585	31/07/2004	12,24,33,36,39,57
586	4/8/2004	11,13,38,39,45,54
587	7/8/2004	2,18,29,30,36,60
588	11/8/2004	11,13,45,46,53,55
589	14/08/2004	6,7,8,13,33,59
590	18/08/2004	4,5,18,25,28,51
591	21/08/2004	1,3,18,34,50,58
592	25/08/2004	13,14,42,47,55,59
593	28/08/2004	1,25,27,29,49,59
594	1/9/2004	10,13,29,47,53,55
595	4/9/2004	1,2,25,43,50,54
596	8/9/2004	11,14,28,43,54,60
597	11/9/2004	22,27,29,40,42,56
598	15/09/2004	5,16,34,38,50,53
599	18/09/2004	4,6,9,23,45,51
600	22/09/2004	16,18,31,34,39,54
601	25/09/2004	10,19,22,29,30,37
602	29/09/2004	7,13,38,46,55,60
603	2/10/2004	4,8,11,12,29,44
604	6/10/2004	15,25,41,46,49,51
605	9/10/2004	4,24,44,49,52,53
606	13/10/2004	6,23,32,35,41,55
607	16/10/2004	6,11,19,27,41,59
608	20/10/2004	6,13,19,24,30,37
609	23/10/2004	2,6,15,58,59,60
610	27/10/2004	25,30,43,45,47,49
611	30/10/2004	16,21,22,33,48,49
612	3/11/2004	15,18,33,50,53,55
613	6/11/2004	6,13,19,44,54,55
614	10/11/2004	12,16,31,48,57,60
615	13/11/2004	5,8,10,27,31,51
616	17/11/2004	2,12,16,24,26,54
617	20/11/2004	3,5,25,33,36,49
618	24/11/2004	3,8,10,13,24,60
619	27/11/2004	8,12,14,16,19,46
620	1/12/2004	1,3,13,22,29,32
621	4/12/2004	26,29,31,49,50,57
622	8/12/2004	19,27,29,38,50,59
623	11/12/2004	9,23,30,42,49,55
624	15/12/2004	8,23,34,39,43,52
625	18/12/2004	12,24,32,40,42,59
626	22/12/2004	7,8,18,22,39,49
627	29/12/2004	1,13,19,45,56,58
628	5/1/2005	8,16,22,30,56,58
629	8/1/2005	15,16,39,40,47,51
630	12/1/2005	12,16,20,45,53,60
631	15/01/2005	1,20,28,32,44,47
632	19/01/2005	2,19,28,48,51,54
633	22/01/2005	5,11,22,27,46,50
634	26/01/2005	10,13,24,41,42,56
635	29/01/2005	8,20,26,37,42,49
636	2/2/2005	26,28,30,32,34,50
637	5/2/2005	11,18,43,48,52,58
638	12/2/2005	10,11,36,41,42,50
639	16/02/2005	13,35,39,45,51,60
640	19/02/2005	12,19,42,46,59,60
641	23/02/2005	1,9,13,17,33,34
642	26/02/2005	17,36,40,44,51,56
643	2/3/2005	14,24,37,40,42,45
644	5/3/2005	14,27,29,31,34,57
645	9/3/2005	3,24,48,52,53,54
646	12/3/2005	10,13,32,47,49,60
647	16/03/2005	11,12,14,19,54,56
648	19/03/2005	5,23,29,42,45,48
649	23/03/2005	9,24,33,41,48,54
650	26/03/2005	10,24,25,29,53,59
651	30/03/2005	26,28,39,45,48,60
652	2/4/2005	10,18,20,24,56,57
653	6/4/2005	5,9,19,24,31,34
654	9/4/2005	6,10,11,40,41,56
655	13/04/2005	1,26,37,39,43,48
656	16/04/2005	35,36,37,46,51,59
657	20/04/2005	16,20,33,58,59,60
658	23/04/2005	3,6,11,20,36,41
659	27/04/2005	14,29,34,40,51,52
660	30/04/2005	5,11,38,46,53,54
661	4/5/2005	4,27,36,40,42,55
662	7/5/2005	4,18,23,25,56,60
663	11/5/2005	1,27,30,49,51,55
664	14/05/2005	1,12,36,38,55,59
665	18/05/2005	7,8,18,25,47,48
666	21/05/2005	7,16,26,29,45,55
667	25/05/2005	1,4,5,16,23,49
668	28/05/2005	1,2,14,33,49,56
669	1/6/2005	7,24,27,40,41,49
670	4/6/2005	22,37,42,48,58,59
671	8/6/2005	9,16,27,38,39,51
672	11/6/2005	24,28,34,38,43,53
673	15/06/2005	6,11,20,34,37,40
674	18/06/2005	18,22,29,32,38,42
675	22/06/2005	24,25,30,42,43,50
676	25/06/2005	9,15,32,41,42,49
677	29/06/2005	8,10,25,32,48,55
678	2/7/2005	14,31,40,42,44,46
679	6/7/2005	3,21,25,37,54,58
680	9/7/2005	2,3,5,22,26,44
681	13/07/2005	21,25,38,53,58,59
682	16/07/2005	4,27,36,37,47,60
683	20/07/2005	2,11,12,35,40,43
684	23/07/2005	17,19,33,37,40,50
685	27/07/2005	5,12,27,33,43,56
686	30/07/2005	4,5,15,26,33,54
687	3/8/2005	1,7,14,41,48,59
688	6/8/2005	11,21,30,35,47,52
689	10/8/2005	6,7,31,49,51,60
690	13/08/2005	8,12,15,41,47,53
691	17/08/2005	8,16,37,50,55,58
692	20/08/2005	11,18,33,57,58,60
693	24/08/2005	13,14,17,31,41,50
694	27/08/2005	15,19,29,37,41,53
695	31/08/2005	6,11,13,21,40,52
696	3/9/2005	9,16,34,37,53,57
697	10/9/2005	28,31,32,35,51,53
698	14/09/2005	8,12,22,27,43,55
699	19/09/2005	17,23,48,50,53,54
700	21/09/2005	2,3,14,24,31,40
701	24/09/2005	1,13,23,31,48,60
702	28/09/2005	1,18,45,56,57,58
703	1/10/2005	2,11,24,27,30,45
704	5/10/2005	2,4,18,27,34,50
705	8/10/2005	3,11,13,15,26,43
706	15/10/2005	2,7,10,17,22,60
707	19/10/2005	1,8,10,36,43,51
708	22/10/2005	7,9,13,39,45,47
709	26/10/2005	4,6,9,22,29,44
710	29/10/2005	5,25,34,39,46,49
711	5/11/2005	5,10,33,40,41,59
712	9/11/2005	7,8,35,43,53,58
713	12/11/2005	1,12,16,26,46,54
714	16/11/2005	7,8,17,35,39,53
715	19/11/2005	4,12,24,33,36,54
716	23/11/2005	2,7,16,29,32,50
717	26/11/2005	6,17,23,28,35,41
718	30/11/2005	7,21,33,35,39,58
719	3/12/2005	3,32,37,39,47,53
720	7/12/2005	12,31,44,51,54,56
721	10/12/2005	3,14,23,25,36,55
722	14/12/2005	9,18,36,44,57,60
723	17/12/2005	1,6,16,36,50,52
724	21/12/2005	17,27,34,48,51,55
725	31/12/2005	3,9,35,37,41,49
726	4/1/2006	1,5,7,37,40,47
727	7/1/2006	4,12,14,30,42,59
728	11/1/2006	8,13,24,32,42,44
729	14/01/2006	5,18,33,43,56,57
730	18/01/2006	2,15,16,45,50,54
731	21/01/2006	6,15,16,23,28,35
732	25/01/2006	6,17,19,49,50,53
733	28/01/2006	2,12,26,31,43,46
734	1/2/2006	27,29,43,44,45,54
735	4/2/2006	9,15,38,40,42,52
736	8/2/2006	1,21,38,41,49,56
737	11/2/2006	11,12,24,32,33,38
738	15/02/2006	14,15,26,30,42,54
739	18/02/2006	6,10,35,45,49,56
740	22/02/2006	12,16,28,29,47,50
741	25/02/2006	24,26,27,36,39,59
742	1/3/2006	2,7,17,34,41,50
743	4/3/2006	20,23,25,32,54,60
744	8/3/2006	4,12,23,26,39,46
745	11/3/2006	2,16,21,37,43,57
746	15/03/2006	1,10,12,25,49,57
747	18/03/2006	2,3,12,21,23,56
748	22/03/2006	1,2,7,19,35,51
749	25/03/2006	4,24,47,48,50,57
750	29/03/2006	10,17,33,42,54,58
751	1/4/2006	4,7,20,25,38,50
752	5/4/2006	4,23,24,25,29,42
753	8/4/2006	2,7,22,35,43,59
754	12/4/2006	3,4,13,34,42,50
755	15/04/2006	4,12,30,47,49,59
756	19/04/2006	5,27,37,38,41,50
757	22/04/2006	12,17,18,30,32,58
758	26/04/2006	1,23,36,43,47,59
759	29/04/2006	30,31,39,45,48,59
760	3/5/2006	12,17,44,45,46,60
761	6/5/2006	13,17,27,29,40,56
762	10/5/2006	9,12,21,37,39,54
763	13/05/2006	1,9,26,40,47,48
764	18/05/2006	3,7,45,47,53,55
765	21/05/2006	3,10,16,30,37,50
766	24/05/2006	1,19,24,42,50,58
767	27/05/2006	15,22,32,38,50,54
768	31/05/2006	4,8,30,33,37,59
769	3/6/2006	12,16,20,21,29,50
770	7/6/2006	4,12,25,34,35,48
771	10/6/2006	14,21,29,34,46,47
772	14/06/2006	10,35,38,51,52,60
773	17/06/2006	3,5,14,29,34,51
774	21/06/2006	5,10,37,46,54,58
775	24/06/2006	12,27,42,46,47,50
776	28/06/2006	3,15,35,41,57,60
777	1/7/2006	2,14,23,28,50,56
778	5/7/2006	20,31,36,37,45,51
779	8/7/2006	25,26,29,36,52,54
780	12/7/2006	7,10,28,50,51,59
781	15/07/2006	8,10,13,39,54,56
782	19/07/2006	2,11,23,35,42,59
783	22/07/2006	4,8,21,32,43,48
784	26/07/2006	8,27,37,42,53,56
785	29/07/2006	5,8,17,35,37,48
786	2/8/2006	10,11,26,27,31,41
787	5/8/2006	20,31,34,37,54,60
788	9/8/2006	17,19,29,31,44,57
789	12/8/2006	6,31,38,39,50,60
790	16/08/2006	2,6,19,22,28,43
791	19/08/2006	9,14,19,35,42,58
792	23/08/2006	9,29,34,43,45,56
793	26/08/2006	3,15,16,33,51,57
794	30/08/2006	3,38,42,47,55,56
795	2/9/2006	14,21,26,29,36,48
796	6/9/2006	5,19,24,34,39,43
797	9/9/2006	6,12,47,48,52,58
798	13/09/2006	3,4,9,29,32,52
799	16/09/2006	19,29,35,42,55,57
800	20/09/2006	1,7,11,37,38,56
801	23/09/2006	11,19,20,22,42,48
802	27/09/2006	6,14,18,24,48,60
803	30/09/2006	3,5,10,21,28,57
804	4/10/2006	3,13,37,47,56,59
805	7/10/2006	2,30,36,43,48,60
806	12/10/2006	18,26,35,41,47,60
807	14/10/2006	2,8,27,32,49,56
808	18/10/2006	2,15,21,31,46,57
809	21/10/2006	5,11,15,23,25,30
810	25/10/2006	1,4,5,33,37,48
811	28/10/2006	10,28,32,41,47,57
812	1/11/2006	11,13,38,39,54,57
813	4/11/2006	9,15,23,45,46,56
814	8/11/2006	2,8,11,41,46,50
815	11/11/2006	9,19,37,39,50,57
816	16/11/2006	20,21,30,40,47,52
817	18/11/2006	10,29,30,34,43,52
818	22/11/2006	8,9,22,25,41,44
819	25/11/2006	5,19,25,46,51,58
820	29/11/2006	10,17,21,32,45,46
821	2/12/2006	4,29,33,36,38,42
822	6/12/2006	4,10,17,27,41,52
823	9/12/2006	1,15,26,51,54,59
824	13/12/2006	6,7,9,20,33,48
825	16/12/2006	10,21,28,40,41,47
826	19/12/2006	6,7,8,27,45,53
827	21/12/2006	18,24,30,42,51,56
828	23/12/2006	23,28,38,42,50,53
829	31/12/2006	10,14,32,47,50,56
830	3/1/2007	2,13,41,49,51,53
831	6/1/2007	3,32,33,42,48,50
832	10/1/2007	15,17,23,33,39,49
833	13/01/2007	13,16,46,53,57,58
834	17/01/2007	10,16,17,34,44,51
835	20/01/2007	18,31,33,49,57,58
836	24/01/2007	17,22,28,38,52,59
837	27/01/2007	5,6,16,24,34,60
838	31/01/2007	9,23,30,38,44,47
839	3/2/2007	7,8,11,18,37,43
840	7/2/2007	17,29,31,35,43,59
841	10/2/2007	7,22,32,36,38,51
842	14/02/2007	7,9,30,44,51,60
843	17/02/2007	1,16,34,36,45,48
844	24/02/2007	16,24,34,44,54,57
845	28/02/2007	14,19,20,40,48,52
846	3/3/2007	2,3,44,47,50,54
847	7/3/2007	14,15,27,42,44,48
848	10/3/2007	17,27,32,34,47,56
849	14/03/2007	8,9,39,44,49,58
850	17/03/2007	7,22,25,44,59,60
851	21/03/2007	3,16,19,32,35,58
852	24/03/2007	6,14,23,34,38,44
853	28/03/2007	30,38,46,51,56,59
854	31/03/2007	3,17,24,25,27,44
855	4/4/2007	3,24,31,42,43,53
856	7/4/2007	11,15,40,41,42,47
857	11/4/2007	2,3,17,49,50,59
858	14/04/2007	4,18,23,31,37,54
859	18/04/2007	9,12,34,46,47,57
860	23/04/2007	2,8,17,22,42,44
861	25/04/2007	39,40,42,47,59,60
862	28/04/2007	2,8,11,12,19,35
863	2/5/2007	15,24,32,50,53,57
864	5/5/2007	8,11,31,33,42,57
865	9/5/2007	23,26,27,41,51,53
866	12/5/2007	5,27,36,40,46,48
867	16/05/2007	10,19,26,28,44,54
868	19/05/2007	21,22,25,40,51,57
869	23/05/2007	27,29,42,49,50,51
870	26/05/2007	8,21,34,40,43,52
871	30/05/2007	1,5,10,17,47,58
872	2/6/2007	5,18,31,43,55,58
873	6/6/2007	4,19,30,34,57,59
874	9/6/2007	10,20,42,44,52,59
875	13/06/2007	18,20,24,36,53,58
876	16/06/2007	4,8,12,41,45,60
877	20/06/2007	13,15,20,28,31,36
878	23/06/2007	11,12,37,38,43,54
879	27/06/2007	10,28,29,35,42,46
880	30/06/2007	25,30,37,46,49,51
881	4/7/2007	4,18,24,43,51,56
882	7/7/2007	17,41,42,44,45,60
883	11/7/2007	21,32,37,52,53,60
884	14/07/2007	2,11,12,14,22,39
885	18/07/2007	4,13,31,33,47,51
886	21/07/2007	17,33,37,50,55,59
887	25/07/2007	1,12,21,32,34,44
888	28/07/2007	24,40,50,52,54,60
889	1/8/2007	20,24,34,39,54,60
890	4/8/2007	7,9,17,21,22,54
891	8/8/2007	15,16,19,22,34,35
892	11/8/2007	1,19,42,44,49,52
893	15/08/2007	3,18,26,51,53,56
894	18/08/2007	20,24,28,37,41,44
895	22/08/2007	2,41,43,55,57,58
896	25/08/2007	5,11,22,31,35,41
897	29/08/2007	7,21,22,43,46,57
898	1/9/2007	3,4,8,30,45,54
899	5/9/2007	18,20,36,53,54,58
900	8/9/2007	4,18,21,34,38,59
901	12/9/2007	13,16,32,33,34,56
902	15/09/2007	18,23,50,52,55,58
903	19/09/2007	5,17,20,32,41,55
904	22/09/2007	32,44,48,51,53,59
905	26/09/2007	2,4,15,16,55,57
906	29/09/2007	7,14,24,29,35,39
907	3/10/2007	9,36,37,41,51,53
908	6/10/2007	1,9,19,25,50,52
909	10/10/2007	17,22,26,28,38,42
910	13/10/2007	3,15,27,29,36,53
911	17/10/2007	1,6,28,29,46,49
912	20/10/2007	4,19,21,26,29,54
913	24/10/2007	14,30,36,38,46,59
914	27/10/2007	9,12,23,33,45,51
915	31/10/2007	17,20,26,28,48,49
916	3/11/2007	5,28,33,36,37,38
917	7/11/2007	23,25,30,46,47,59
918	10/11/2007	4,8,12,38,44,52
919	14/11/2007	3,25,31,41,43,60
920	17/11/2007	5,17,24,52,55,57
921	21/11/2007	1,9,35,41,48,57
922	24/11/2007	12,13,19,41,45,49
923	28/11/2007	2,15,39,50,53,57
924	1/12/2007	2,20,21,27,51,60
925	5/12/2007	8,22,36,37,46,52
926	8/12/2007	21,33,34,40,41,59
927	12/12/2007	19,23,26,31,33,36
928	15/12/2007	4,10,32,33,49,60
929	19/12/2007	16,27,35,39,49,57
930	22/12/2007	20,28,37,46,49,55
931	31/12/2007	7,17,19,34,36,39
932	5/1/2008	2,17,21,36,42,53
933	9/1/2008	8,14,25,39,45,51
934	12/1/2008	1,3,21,25,44,48
935	16/01/2008	7,13,18,29,31,45
936	19/01/2008	5,14,22,29,33,44
937	23/01/2008	2,21,22,30,41,52
938	26/01/2008	15,27,35,50,57,59
939	30/01/2008	6,19,23,37,49,50
940	2/2/2008	5,25,31,33,37,51
941	6/2/2008	10,11,15,27,53,60
942	9/2/2008	5,8,18,42,52,59
943	13/02/2008	3,12,23,41,47,58
944	16/02/2008	16,37,43,52,58,59
945	20/02/2008	4,8,27,44,54,59
946	23/02/2008	1,5,12,47,52,59
947	27/02/2008	3,5,11,14,33,58
948	1/3/2008	22,41,44,46,52,54
949	5/3/2008	1,23,41,44,51,52
950	8/3/2008	23,41,42,48,49,59
951	12/3/2008	14,24,34,39,49,55
952	15/03/2008	2,11,18,27,30,54
953	19/03/2008	1,16,39,42,48,55
954	22/03/2008	5,8,18,24,33,57
955	26/03/2008	5,12,21,32,33,35
956	29/03/2008	46,47,51,54,57,59
957	2/4/2008	24,25,32,34,50,57
958	5/4/2008	7,13,22,33,48,51
959	9/4/2008	3,5,11,33,39,57
960	12/4/2008	6,18,19,33,34,53
961	16/04/2008	2,4,16,21,36,53
962	19/04/2008	2,11,40,48,49,55
963	23/04/2008	15,17,37,48,50,59
964	26/04/2008	8,13,20,26,33,42
965	30/04/2008	5,30,36,39,57,58
966	3/5/2008	1,4,26,28,41,58
967	7/5/2008	5,13,14,18,30,57
968	10/5/2008	1,4,13,30,51,60
969	14/05/2008	13,25,35,41,50,56
970	17/05/2008	5,21,28,34,54,57
971	21/05/2008	4,11,14,33,44,45
972	24/05/2008	15,18,31,33,34,56
973	28/05/2008	1,8,30,36,47,53
974	31/05/2008	12,16,20,31,38,45
975	4/6/2008	9,30,33,37,40,41
976	7/6/2008	14,23,25,28,38,53
977	11/6/2008	3,5,7,9,17,32
978	14/06/2008	12,16,18,27,42,58
979	18/06/2008	3,15,28,31,39,51
980	21/06/2008	15,17,29,35,36,59
981	25/06/2008	1,8,34,41,53,58
982	28/06/2008	8,12,24,40,43,49
983	2/7/2008	16,22,32,38,40,45
984	5/7/2008	4,10,20,43,46,47
985	9/7/2008	4,16,18,46,56,59
986	12/7/2008	6,15,19,24,31,32
987	16/07/2008	13,27,31,34,47,58
988	19/07/2008	8,17,46,48,56,60
989	23/07/2008	2,21,27,29,32,38
990	26/07/2008	2,10,15,18,29,39
991	30/07/2008	8,9,15,38,41,60
992	2/8/2008	1,4,6,8,25,28
993	6/8/2008	5,24,25,26,42,60
994	9/8/2008	3,20,29,40,44,58
995	13/08/2008	4,16,31,36,54,55
996	16/08/2008	7,15,20,21,23,29
997	20/08/2008	9,17,18,32,53,55
998	23/08/2008	3,4,21,22,28,32
999	27/08/2008	18,24,36,44,55,58
1000	30/08/2008	29,38,39,49,53,58
1001	3/9/2008	12,15,27,37,51,60
1002	6/9/2008	3,7,25,31,40,58
1003	10/9/2008	5,10,16,23,26,27
1004	13/09/2008	29,40,43,44,45,47
1005	17/09/2008	4,6,12,37,41,42
1006	20/09/2008	2,4,17,33,48,55
1007	24/09/2008	4,27,36,37,49,52
1008	27/09/2008	7,13,15,34,42,48
1009	1/10/2008	1,6,12,29,34,58
1010	4/10/2008	2,3,13,37,46,54
1011	8/10/2008	2,11,21,30,35,52
1012	11/10/2008	14,19,40,47,55,58
1013	15/10/2008	7,9,12,19,20,41
1014	18/10/2008	8,9,25,41,57,60
1015	22/10/2008	3,8,17,26,28,49
1016	25/10/2008	5,9,11,20,25,60
1017	29/10/2008	6,19,31,34,51,56
1018	1/11/2008	9,24,44,51,55,58
1019	5/11/2008	4,13,23,29,46,47
1020	8/11/2008	1,2,19,32,39,52
1021	12/11/2008	2,33,42,43,51,55
1022	16/11/2008	5,21,31,39,40,56
1023	19/11/2008	2,7,8,18,40,45
1024	22/11/2008	18,22,28,29,39,53
1025	26/11/2008	10,27,28,29,40,52
1026	29/11/2008	6,10,17,33,51,53
1027	3/12/2008	18,20,33,44,47,60
1028	6/12/2008	20,26,34,51,52,54
1029	10/12/2008	5,16,17,20,24,32
1030	13/12/2008	1,8,23,37,54,57
1031	17/12/2008	24,33,40,43,46,49
1032	20/12/2008	15,16,26,29,43,57
1033	24/12/2008	5,6,17,33,39,54
1034	27/12/2008	1,3,18,20,42,49
1035	31/12/2008	1,11,26,51,59,60
1036	3/1/2009	10,27,36,39,41,52
1037	7/1/2009	4,36,44,46,53,56
1038	10/1/2009	6,7,28,35,43,51
1039	14/01/2009	2,20,24,27,36,52
1040	17/01/2009	1,6,28,39,44,55
1041	21/01/2009	10,12,36,44,54,57
1042	24/01/2009	13,18,25,30,46,51
1043	28/01/2009	14,21,25,48,51,60
1044	31/01/2009	10,11,13,35,39,58
1045	4/2/2009	1,5,6,17,31,50
1046	7/2/2009	28,40,42,54,55,57
1047	11/2/2009	1,2,8,10,14,48
1048	14/02/2009	3,16,21,28,38,57
1049	18/02/2009	2,5,17,29,34,52
1050	21/02/2009	14,24,26,33,45,60
1051	25/02/2009	7,10,11,13,43,57
1052	28/02/2009	8,11,15,16,52,57
1053	4/3/2009	15,27,34,42,49,53
1054	7/3/2009	13,14,18,27,41,60
1055	11/3/2009	12,15,16,20,27,32
1056	14/03/2009	6,8,38,50,53,59
1057	18/03/2009	2,3,4,15,49,59
1058	21/03/2009	18,20,24,45,51,57
1059	25/03/2009	1,12,14,16,37,45
1060	28/03/2009	1,3,16,18,41,42
1061	1/4/2009	9,21,23,30,41,56
1062	4/4/2009	2,8,23,33,37,55
1063	8/4/2009	1,22,44,47,49,50
1064	11/4/2009	4,16,19,28,29,49
1065	15/04/2009	7,19,30,39,43,57
1066	18/04/2009	6,10,25,32,43,49
1067	22/04/2009	4,10,14,25,28,56
1068	25/04/2009	25,27,44,47,48,57
1069	29/04/2009	9,17,28,45,49,53
1070	2/5/2009	5,8,16,23,41,53
1071	6/5/2009	5,7,37,43,53,54
1072	9/5/2009	9,18,19,43,47,54
1073	13/05/2009	8,25,32,34,36,44
1074	16/05/2009	3,10,23,29,47,50
1075	20/05/2009	10,12,16,21,39,53
1076	23/05/2009	4,10,19,32,33,42
1077	27/05/2009	5,6,9,11,18,37
1078	30/05/2009	3,6,34,41,43,45
1079	3/6/2009	5,12,24,28,36,37
1080	6/6/2009	11,18,20,34,41,56
1081	10/6/2009	9,16,24,29,52,56
1082	13/06/2009	4,17,38,40,50,55
1083	17/06/2009	10,20,23,28,42,43
1084	20/06/2009	5,20,29,33,40,59
1085	24/06/2009	12,21,39,40,50,55
1086	27/06/2009	2,4,6,10,23,45
1087	1/7/2009	3,20,28,32,36,46
1088	4/7/2009	6,24,31,35,42,57
1089	8/7/2009	2,18,20,32,37,48
1090	11/7/2009	9,20,24,36,40,42
1091	15/07/2009	17,23,24,27,49,56
1092	18/07/2009	1,9,30,33,34,40
1093	22/07/2009	19,23,27,38,41,49
1094	25/07/2009	9,10,21,36,41,48
1095	29/07/2009	10,16,21,23,27,36
1096	1/8/2009	3,13,14,16,41,52
1097	5/8/2009	1,17,21,33,48,56
1098	8/8/2009	11,20,21,30,50,52
1099	12/8/2009	14,31,35,38,44,55
1100	15/08/2009	7,17,18,33,41,42
1101	19/08/2009	6,7,10,12,24,57
1102	22/08/2009	9,11,23,35,46,51
1103	26/08/2009	10,19,28,41,55,56
1104	29/08/2009	2,3,6,35,49,58
1105	2/9/2009	1,15,28,43,50,57
1106	5/9/2009	4,15,43,47,50,60
1107	9/9/2009	3,9,20,36,53,54
1108	12/9/2009	7,9,39,43,44,60
1109	16/09/2009	6,8,11,14,29,52
1110	19/09/2009	6,14,26,28,42,45
1111	23/09/2009	4,9,25,32,33,43
1112	26/09/2009	4,32,34,43,52,58
1113	30/09/2009	3,6,29,36,47,59
1114	3/10/2009	3,15,16,22,25,54
1115	7/10/2009	18,30,37,41,44,50
1116	10/10/2009	4,9,13,17,20,47
1117	14/10/2009	1,6,17,27,35,40
1118	17/10/2009	8,20,21,43,44,55
1119	21/10/2009	10,34,41,44,45,54
1120	24/10/2009	7,35,40,44,50,55
1121	28/10/2009	4,17,18,54,56,59
1122	31/10/2009	26,44,46,49,55,56
1123	4/11/2009	4,14,19,39,45,60
1124	7/11/2009	7,11,16,18,33,49
1125	11/11/2009	3,7,29,33,42,56
1126	14/11/2009	4,31,42,52,57,59
1127	18/11/2009	5,8,14,24,29,30
1128	21/11/2009	8,16,24,39,52,60
1129	25/11/2009	12,17,19,32,47,55
1130	28/11/2009	5,18,23,32,49,54
1131	2/12/2009	1,8,16,34,36,49
1132	5/12/2009	12,27,30,33,52,55
1133	9/12/2009	5,10,16,21,39,58
1134	12/12/2009	9,22,29,36,51,56
1135	16/12/2009	4,5,6,19,23,39
1136	19/12/2009	7,31,32,34,37,43
1137	22/12/2009	19,21,25,28,43,50
1138	24/12/2009	2,4,15,18,25,36
1139	26/12/2009	9,28,31,36,37,42
1140	31/12/2009	10,27,40,46,49,58
1141	2/1/2010	9,37,40,50,58,60
1142	6/1/2010	3,15,26,28,31,58
1143	9/1/2010	3,30,35,44,47,60
1144	13/01/2010	1,10,18,19,44,49
1145	16/01/2010	3,16,19,24,33,60
1146	20/01/2010	6,10,28,33,34,53
1147	23/01/2010	6,23,31,33,39,52
1148	27/01/2010	27,28,29,32,48,55
1149	30/01/2010	7,8,23,36,46,54
1150	3/2/2010	15,17,28,31,35,52
1151	6/2/2010	1,4,14,21,25,51
1152	10/2/2010	14,20,29,36,44,47
1153	13/02/2010	6,17,19,34,46,55
1154	17/02/2010	4,12,14,21,26,28
1155	20/02/2010	20,28,40,41,51,58
1156	24/02/2010	9,24,31,44,48,49
1157	27/02/2010	9,29,41,43,46,49
1158	3/3/2010	23,30,31,54,55,60
1159	6/3/2010	5,6,34,46,53,55
1160	10/3/2010	1,3,5,18,40,48
1161	13/03/2010	4,7,42,47,48,51
1162	17/03/2010	18,22,25,30,31,41
1163	20/03/2010	5,17,31,47,51,53
1164	24/03/2010	6,14,17,26,40,49
1165	27/03/2010	20,40,42,52,54,60
1166	31/03/2010	22,28,30,31,35,54
1167	3/4/2010	20,28,43,51,52,56
1168	7/4/2010	4,5,20,47,53,56
1169	10/4/2010	1,11,14,23,42,48
1170	14/04/2010	11,13,27,34,46,49
1171	17/04/2010	3,10,13,30,41,57
1172	20/04/2010	6,12,28,43,52,56
1173	24/04/2010	5,7,24,25,36,47
1174	28/04/2010	6,7,39,47,51,52
1175	30/04/2010	2,3,12,16,37,47
1176	5/5/2010	11,14,21,30,33,49
1177	8/5/2010	33,38,47,50,52,55
1178	12/5/2010	1,22,30,45,50,53
1179	15/05/2010	5,22,28,47,59,60
1180	19/05/2010	12,30,34,44,57,60
1181	22/05/2010	18,20,26,31,44,45
1182	26/05/2010	2,4,29,52,56,60
1183	29/05/2010	5,10,12,20,29,37
1184	2/6/2010	4,9,23,27,28,30
1185	5/6/2010	2,10,21,35,43,54
1186	9/6/2010	7,8,12,13,15,41
1187	12/6/2010	8,17,19,40,43,49
1188	16/06/2010	9,20,44,52,59,60
1189	19/06/2010	14,21,27,31,35,50
1190	23/06/2010	10,11,19,37,53,56
1191	26/06/2010	3,11,16,22,25,33
1192	30/06/2010	17,20,49,52,57,59
1193	3/7/2010	2,9,12,14,32,54
1194	7/7/2010	6,13,24,41,50,53
1195	10/7/2010	17,20,26,27,55,57
1196	14/07/2010	3,6,19,20,58,60
1197	17/07/2010	36,37,39,49,54,60
1198	21/07/2010	22,29,36,41,48,58
1199	24/07/2010	16,19,23,28,39,58
1200	28/07/2010	3,10,11,39,54,56
1201	31/07/2010	28,32,36,49,55,60
1202	4/8/2010	8,9,11,48,53,60
1203	7/8/2010	7,9,30,33,38,55
1204	11/8/2010	5,10,25,39,43,52
1205	14/08/2010	4,13,14,26,29,35
1206	18/08/2010	2,6,11,36,37,48
1207	21/08/2010	9,11,22,32,35,56
1208	25/08/2010	1,12,20,26,45,54
1209	28/08/2010	5,14,17,30,35,38
1210	1/9/2010	3,7,9,10,31,34
1211	4/9/2010	3,15,31,36,48,54
1212	8/9/2010	2,23,33,35,40,50
1213	11/9/2010	3,11,26,34,45,53
1214	15/09/2010	5,29,30,36,41,48
1215	18/09/2010	10,25,30,47,50,51
1216	22/09/2010	4,7,13,25,27,58
1217	25/09/2010	5,11,15,28,43,50
1218	29/09/2010	10,23,29,31,33,46
1219	2/10/2010	2,33,34,37,41,53
1220	6/10/2010	5,15,43,48,52,55
1221	9/10/2010	5,14,37,43,46,58
1222	13/10/2010	5,8,19,26,48,57
1223	16/10/2010	15,17,35,42,47,48
1224	20/10/2010	19,21,27,41,53,57
1225	23/10/2010	31,32,34,40,50,55
1226	27/10/2010	10,31,40,50,55,56
1227	30/10/2010	4,28,30,31,35,54
1228	3/11/2010	10,23,36,50,52,60
1229	6/11/2010	12,30,32,40,49,60
1230	10/11/2010	9,12,19,22,35,37
1231	13/11/2010	5,20,23,27,39,49
1232	17/11/2010	8,11,12,15,18,22
1233	20/11/2010	22,29,32,49,54,59
1234	24/11/2010	3,5,19,24,30,35
1235	27/11/2010	10,16,20,26,49,55
1236	1/12/2010	3,8,17,20,38,53
1237	4/12/2010	5,18,21,26,39,59
1238	8/12/2010	13,14,24,39,40,45
1239	11/12/2010	1,15,37,39,48,52
1240	15/12/2010	8,9,12,22,42,49
1241	18/12/2010	10,13,25,26,28,45
1242	20/12/2010	11,34,45,48,51,54
1243	22/12/2010	9,19,23,29,32,57
1244	24/12/2010	2,8,15,25,34,45
1245	31/12/2010	2,10,34,37,43,50
1246	5/1/2011	10,37,40,43,57,59
1247	8/1/2011	3,9,11,24,36,51
1248	12/1/2011	20,33,34,57,58,60
1249	15/01/2011	3,8,36,40,51,53
1250	19/01/2011	1,2,24,40,51,59
1251	22/01/2011	5,27,34,46,48,52
1252	26/01/2011	2,14,35,39,49,51
1253	29/01/2011	2,17,23,43,44,51
1254	2/2/2011	7,9,14,18,29,39
1255	5/2/2011	5,23,38,39,51,54
1256	9/2/2011	26,33,35,38,43,53
1257	12/2/2011	2,15,26,27,30,52
1258	16/02/2011	11,26,47,55,57,59
1259	19/02/2011	4,6,39,46,54,58
1260	23/02/2011	19,23,29,31,41,53
1261	26/02/2011	10,14,22,41,42,53
1262	2/3/2011	5,7,8,9,11,39
1263	5/3/2011	4,18,26,36,41,53
1264	9/3/2011	4,17,36,37,51,56
1265	12/3/2011	13,19,24,46,50,60
1266	16/03/2011	6,10,33,39,42,60
1267	19/03/2011	4,20,30,41,47,58
1268	23/03/2011	3,16,17,44,53,60
1269	26/03/2011	4,5,15,17,27,51
1270	30/03/2011	5,9,24,31,33,42
1271	2/4/2011	1,2,39,48,52,59
1272	6/4/2011	13,26,27,28,35,52
1273	9/4/2011	13,19,26,40,58,60
1274	13/04/2011	13,17,21,39,40,59
1275	16/04/2011	2,14,48,55,58,60
1276	20/04/2011	5,9,11,22,36,40
1277	23/04/2011	12,18,31,50,59,60
1278	27/04/2011	4,16,24,25,30,56
1279	30/04/2011	8,14,29,35,36,40
1280	4/5/2011	6,10,16,20,29,54
1281	7/5/2011	8,11,14,30,36,38
1282	11/5/2011	4,23,39,52,55,56
1283	14/05/2011	8,30,40,44,59,60
1284	18/05/2011	20,21,26,29,31,36
1285	21/05/2011	10,15,28,31,33,38
1286	25/05/2011	2,5,28,33,51,52
1287	28/05/2011	11,12,31,33,42,52
1288	1/6/2011	17,30,32,40,42,56
1289	4/6/2011	1,3,8,13,27,52
1290	8/6/2011	2,3,14,23,34,50
1291	11/6/2011	18,40,47,54,57,58
1292	15/06/2011	9,11,23,30,31,54
1293	18/06/2011	1,13,24,40,44,50
1294	22/06/2011	4,6,29,48,50,51
1295	25/06/2011	2,5,15,20,43,57
1296	29/06/2011	10,14,43,46,49,53
1297	2/7/2011	2,5,11,13,56,59
1298	6/7/2011	14,15,30,53,55,60
1299	9/7/2011	8,22,32,43,53,56
1300	13/07/2011	43,44,46,53,54,59
1301	16/07/2011	3,16,23,25,51,56
1302	20/07/2011	2,10,15,44,56,57
1303	23/07/2011	8,19,46,51,52,54
1304	27/07/2011	7,14,15,20,23,35
1305	30/07/2011	3,5,11,36,44,46
1306	3/8/2011	6,19,22,34,43,45
1307	6/8/2011	7,10,32,43,47,54
1308	9/8/2011	7,8,24,30,33,47
1309	11/8/2011	7,12,25,26,32,39
1310	13/08/2011	8,9,14,32,53,59
1311	17/08/2011	7,9,12,19,45,54
1312	20/08/2011	5,20,22,28,29,30
1313	24/08/2011	1,4,26,39,43,49
1314	27/08/2011	38,42,44,52,58,60
1315	31/08/2011	1,27,29,38,50,52
1316	3/9/2011	8,13,25,34,42,48
1317	8/9/2011	6,13,29,30,35,37
1318	10/9/2011	11,14,16,28,34,46
1319	14/09/2011	4,5,16,18,27,51
1320	17/09/2011	17,24,25,38,41,55
1321	21/09/2011	10,47,51,53,59,60
1322	24/09/2011	10,21,43,47,53,55
1323	28/09/2011	6,15,25,37,48,55
1324	1/10/2011	18,29,31,44,51,57
1325	5/10/2011	2,5,16,20,35,43
1326	8/10/2011	10,11,18,19,30,50
1327	13/10/2011	16,35,36,41,52,54
1328	15/10/2011	10,23,27,43,53,59
1329	19/10/2011	7,8,11,39,43,50
1330	22/10/2011	8,18,21,30,48,49
1331	26/10/2011	9,24,26,39,46,57
1332	29/10/2011	3,5,13,24,35,59
1333	3/11/2011	25,26,28,33,42,51
1334	5/11/2011	1,6,8,10,25,27
1335	9/11/2011	3,14,20,22,49,51
1336	12/11/2011	1,32,38,47,51,54
1337	16/11/2011	2,20,35,38,45,51
1338	19/11/2011	1,18,19,33,43,60
1339	23/11/2011	7,10,14,16,54,59
1340	26/11/2011	13,21,30,36,59,60
1341	30/11/2011	1,11,20,37,40,52
1342	3/12/2011	5,7,42,46,50,60
1343	7/12/2011	19,20,31,42,51,56
1344	10/12/2011	8,19,21,36,42,59
1345	14/12/2011	7,17,19,26,40,50
1346	17/12/2011	12,32,40,47,48,59
1347	20/12/2011	9,19,45,46,54,56
1348	22/12/2011	7,12,38,39,45,56
1349	24/12/2011	9,19,20,50,51,60
1350	31/12/2011	3,4,29,36,45,55
1351	4/1/2012	13,33,36,41,50,56
1352	7/1/2012	9,18,24,35,36,59
1353	11/1/2012	3,11,13,27,32,47
1354	14/01/2012	2,8,38,42,48,49
1355	18/01/2012	11,17,24,39,46,49
1356	21/01/2012	6,13,21,22,31,46
1357	25/01/2012	1,19,24,26,52,55
1358	28/01/2012	3,15,16,35,37,47
1359	1/2/2012	6,10,12,17,28,53
1360	4/2/2012	2,16,17,25,50,54
1361	8/2/2012	23,27,30,37,38,44
1362	11/2/2012	2,12,19,22,36,58
1363	15/02/2012	25,35,42,45,52,57
1364	18/02/2012	10,13,20,40,44,53
1365	22/02/2012	2,24,26,32,35,50
1366	25/02/2012	12,27,37,44,54,59
1367	1/3/2012	2,7,13,29,38,43
1368	3/3/2012	10,21,26,29,32,38
1369	7/3/2012	5,16,24,32,38,46
1370	10/3/2012	2,4,5,27,49,59
1371	14/03/2012	3,4,8,11,47,49
1372	17/03/2012	3,36,40,46,58,60
1373	21/03/2012	7,27,39,52,55,57
1374	24/03/2012	6,21,28,31,33,43
1375	28/03/2012	14,25,28,45,53,58
1376	31/03/2012	9,11,21,49,53,54
1377	4/4/2012	2,5,12,13,25,35
1378	7/4/2012	2,5,17,18,54,59
1379	11/4/2012	5,12,36,45,50,58
1380	14/04/2012	3,14,52,55,57,60
1381	18/04/2012	11,27,30,40,44,57
1382	20/04/2012	5,13,16,17,27,55
1383	25/04/2012	7,9,23,44,46,55
1384	28/04/2012	2,18,30,31,45,56
1385	2/5/2012	27,35,36,37,42,59
1386	5/5/2012	12,28,38,39,51,56
1387	9/5/2012	18,27,32,43,50,52
1388	12/5/2012	22,29,31,43,50,54
1389	16/05/2012	1,16,28,39,44,57
1390	19/05/2012	4,19,27,28,29,31
1391	23/05/2012	7,12,19,34,40,53
1392	26/05/2012	2,8,12,28,33,43
1393	30/05/2012	4,18,24,28,39,44
1394	2/6/2012	11,16,24,35,46,50
1395	6/6/2012	5,11,17,19,44,48
1396	9/6/2012	29,48,52,54,55,58
1397	13/06/2012	3,4,7,15,27,56
1398	16/06/2012	14,32,33,40,42,51
1399	20/06/2012	34,39,43,56,57,60
1400	23/06/2012	9,26,34,43,53,54
1401	27/06/2012	11,12,25,33,48,54
1402	30/06/2012	2,9,10,21,27,38
1403	4/7/2012	13,16,20,26,39,42
1404	7/7/2012	7,8,27,31,32,51
1405	11/7/2012	3,14,17,32,37,39
1406	14/07/2012	7,10,17,24,38,57
1407	18/07/2012	18,29,31,42,43,53
1408	21/07/2012	4,19,20,24,39,43
1409	25/07/2012	6,19,26,47,50,58
1410	28/07/2012	18,29,40,42,50,54
1411	1/8/2012	8,12,32,44,46,48
1412	4/8/2012	6,8,24,37,41,45
1413	7/8/2012	13,15,33,45,54,55
1414	9/8/2012	21,37,44,46,49,57
1415	11/8/2012	26,36,40,46,49,51
1416	15/08/2012	3,19,22,24,35,49
1417	18/08/2012	5,12,45,52,56,59
1418	22/08/2012	7,8,10,12,27,56
1419	25/08/2012	17,21,30,48,52,58
1420	29/08/2012	2,11,16,18,36,45
1421	1/9/2012	19,31,39,44,53,59
1422	5/9/2012	2,5,13,17,39,44
1423	8/9/2012	3,8,21,25,27,43
1424	12/9/2012	3,7,15,29,38,60
1425	15/09/2012	7,16,29,36,38,50
1426	19/09/2012	6,15,18,24,30,44
1427	22/09/2012	8,39,44,47,53,56
1428	26/09/2012	7,15,19,34,37,55
1429	29/09/2012	9,12,22,39,48,60
1430	3/10/2012	2,19,22,30,46,52
1431	6/10/2012	5,9,13,33,40,54
1432	10/10/2012	16,24,25,42,45,59
1433	13/10/2012	4,13,14,40,46,52
1434	17/10/2012	3,18,22,34,55,58
1435	20/10/2012	4,15,45,47,50,52
1436	24/10/2012	1,13,23,24,30,57
1437	27/10/2012	22,23,26,37,38,48
1438	31/10/2012	7,14,31,33,36,49
1439	3/11/2012	2,34,35,42,43,55
1440	7/11/2012	2,6,28,36,51,56
1441	10/11/2012	17,29,36,38,53,56
1442	14/11/2012	12,13,20,30,34,49
1443	17/11/2012	12,20,32,48,52,54
1444	21/11/2012	2,5,27,28,48,55
1445	24/11/2012	5,19,32,41,49,58
1446	28/11/2012	6,13,24,32,40,51
1447	1/12/2012	1,19,28,33,39,41
1448	5/12/2012	1,25,29,36,56,60
1449	8/12/2012	2,6,18,30,52,56
1450	12/12/2012	26,27,31,38,44,45
1451	15/12/2012	2,10,11,33,52,57
1452	18/12/2012	2,14,28,50,57,58
1453	20/12/2012	6,13,25,32,47,57
1454	22/12/2012	4,27,29,41,48,52
1455	31/12/2012	14,32,33,36,41,52
1456	2/1/2013	6,8,14,26,36,40
1457	5/1/2013	15,16,34,42,46,59
1458	9/1/2013	2,4,16,33,44,51
1459	12/1/2013	2,6,30,34,35,52
1460	16/01/2013	4,14,27,38,50,52
1461	19/01/2013	31,36,44,47,49,54
1462	23/01/2013	5,9,25,27,38,40
1463	26/01/2013	13,22,28,29,40,48
1464	30/01/2013	2,24,32,50,54,59
1465	2/2/2013	6,11,16,26,44,53
1466	6/2/2013	4,6,13,34,37,51
1467	9/2/2013	23,24,26,41,52,53
1468	13/02/2013	1,2,10,19,20,37
1469	16/02/2013	4,13,35,54,56,58
1470	20/02/2013	2,34,36,38,51,55
1471	23/02/2013	10,25,33,36,40,58
1472	27/02/2013	12,18,23,25,45,50
1473	2/3/2013	2,12,33,57,58,60
1474	6/3/2013	1,2,3,11,28,43
1475	9/3/2013	12,13,37,44,48,51
1476	13/03/2013	4,10,26,37,47,57
1477	16/03/2013	3,4,46,50,56,59
1478	20/03/2013	10,27,37,40,47,55
1479	23/03/2013	21,48,50,54,57,60
1480	27/03/2013	9,14,21,26,36,52
1481	30/03/2013	17,27,28,40,44,55
1482	3/4/2013	6,9,11,34,41,53
1483	6/4/2013	1,35,39,53,55,56
1484	10/4/2013	17,20,24,29,49,53
1485	13/04/2013	4,27,30,36,54,59
1486	17/04/2013	1,6,10,34,40,54
1487	20/04/2013	4,9,17,23,28,53
1488	24/04/2013	4,22,25,38,45,51
1489	27/04/2013	1,15,24,26,28,48
1490	2/5/2013	1,3,31,32,43,52
1491	4/5/2013	6,26,45,50,56,60
1492	8/5/2013	4,9,18,44,46,48
1493	11/5/2013	7,12,24,27,30,49
1494	15/05/2013	2,14,24,28,35,50
1495	18/05/2013	4,13,14,44,49,57
1496	22/05/2013	14,18,28,41,47,54
1497	25/05/2013	4,5,7,27,45,58
1498	29/05/2013	6,11,27,40,46,49
1499	1/6/2013	8,22,26,33,37,54
1500	5/6/2013	10,18,31,43,57,59
1501	8/6/2013	1,7,13,29,37,54
1502	12/6/2013	6,22,43,51,52,57
1503	15/06/2013	3,4,16,22,36,42
1504	19/06/2013	2,10,12,30,41,42
1505	22/06/2013	1,2,6,9,16,32
1506	26/06/2013	3,14,18,34,42,49
1507	29/06/2013	24,46,50,51,52,56
1508	3/7/2013	17,18,30,35,39,58
1509	6/7/2013	1,6,27,46,51,59
1510	10/7/2013	1,8,17,44,46,53
1511	13/07/2013	4,8,17,29,31,45
1512	17/07/2013	11,28,35,42,46,58
1513	20/07/2013	17,28,31,56,57,58
1514	24/07/2013	16,17,23,42,59,60
1515	27/07/2013	4,13,14,18,49,59
1516	31/07/2013	4,18,20,34,45,60
1517	3/8/2013	7,17,38,45,52,56
1518	6/8/2013	8,9,28,41,48,55
1519	8/8/2013	5,6,15,23,56,59
1520	10/8/2013	7,31,35,36,46,48
1521	14/08/2013	11,14,18,30,33,39
1522	17/08/2013	5,8,23,32,33,56
1523	21/08/2013	22,25,31,39,41,44
1524	24/08/2013	2,12,40,46,52,53
1525	28/08/2013	2,26,30,35,46,54
1526	31/08/2013	10,16,28,47,51,59
1527	4/9/2013	16,32,36,42,44,48
1528	6/9/2013	4,13,15,19,36,58
1529	11/9/2013	11,15,17,34,35,49
1530	14/09/2013	10,16,28,33,48,53
1531	18/09/2013	12,13,24,41,42,44
1532	21/09/2013	2,11,23,31,42,44
1533	25/09/2013	13,21,29,34,47,57
1534	28/09/2013	1,12,28,29,34,48
1535	2/10/2013	8,9,25,41,54,55
1536	5/10/2013	13,18,29,32,50,58
1537	9/10/2013	6,10,33,50,51,56
1538	11/10/2013	23,27,35,52,53,57
1539	16/10/2013	8,10,20,26,49,58
1540	19/10/2013	3,17,27,32,47,54
1541	23/10/2013	5,24,37,44,49,58
1542	26/10/2013	7,11,12,30,39,57
1543	30/10/2013	7,15,20,23,30,41
1544	1/11/2013	2,21,30,35,45,50
1545	6/11/2013	4,6,11,24,45,48
1546	9/11/2013	4,17,38,44,53,60
1547	13/11/2013	2,9,10,18,21,28
1548	16/11/2013	19,41,42,44,47,54
1549	20/11/2013	10,12,16,20,32,53
1550	23/11/2013	9,13,21,27,36,56
1551	27/11/2013	2,15,19,21,23,38
1552	30/11/2013	7,18,24,26,39,46
1553	4/12/2013	20,21,22,29,46,60
1554	7/12/2013	30,32,49,50,52,53
1555	11/12/2013	2,5,23,33,52,59
1556	14/12/2013	1,4,7,10,11,52
1557	17/12/2013	4,16,18,31,45,46
1558	19/12/2013	7,15,17,31,42,54
1559	21/12/2013	8,12,16,29,37,58
1560	31/12/2013	20,30,36,38,47,53
1561	2/1/2014	23,26,28,54,55,60
1562	4/1/2014	10,12,23,37,47,51
1563	9/1/2014	1,6,13,20,36,43
1564	11/1/2014	25,38,44,46,53,54
1565	15/01/2014	18,37,39,41,43,51
1566	18/01/2014	5,6,11,32,36,60
1567	22/01/2014	2,15,30,38,48,53
1568	25/01/2014	19,24,25,28,42,58
1569	29/01/2014	5,15,18,31,42,53
1570	1/2/2014	15,18,24,42,46,56
1571	5/2/2014	3,29,32,46,55,60
1572	8/2/2014	20,27,42,45,46,47
1573	12/2/2014	7,16,21,35,36,38
1574	15/02/2014	6,27,28,33,46,48
1575	19/02/2014	1,4,5,14,45,56
1576	22/02/2014	13,15,21,26,30,46
1577	26/02/2014	11,14,25,32,51,59
1578	1/3/2014	3,6,30,37,53,56
1579	5/3/2014	25,34,40,49,51,60
1580	8/3/2014	1,6,14,17,33,36
1581	12/3/2014	14,15,25,30,31,34
1582	15/03/2014	1,4,13,17,38,48
1583	19/03/2014	2,9,17,18,45,47
1584	22/03/2014	3,22,27,28,50,54
1585	26/03/2014	2,43,47,48,49,55
1586	29/03/2014	8,39,43,46,47,58
1587	2/4/2014	8,19,21,30,52,56
1588	5/4/2014	23,29,32,36,45,49
1589	9/4/2014	4,5,11,19,41,51
1590	12/4/2014	7,20,34,40,44,55
1591	16/04/2014	4,10,23,33,38,55
1592	19/04/2014	31,36,38,41,42,49
1593	23/04/2014	4,9,17,18,21,38
1594	26/04/2014	6,7,8,23,43,53
1595	30/04/2014	2,5,8,42,46,59
1596	3/5/2014	1,5,7,10,12,45
1597	7/5/2014	5,10,16,44,50,52
1598	10/5/2014	29,31,36,42,47,53
1599	14/05/2014	3,10,15,35,36,58
1600	17/05/2014	9,23,32,35,46,57
1601	21/05/2014	8,10,24,45,56,60
1602	24/05/2014	8,12,22,35,40,44
1603	28/05/2014	13,20,27,31,53,60
1604	31/05/2014	2,21,24,27,40,51
1605	4/6/2014	9,19,21,30,31,42
1606	7/6/2014	1,15,37,42,46,54
1607	11/6/2014	7,31,32,41,51,52
1608	14/06/2014	5,6,17,43,54,59
1609	18/06/2014	2,6,13,26,53,60
1610	21/06/2014	1,4,9,35,36,53
1611	25/06/2014	24,28,47,50,51,58
1612	28/06/2014	6,13,17,36,42,51
1613	2/7/2014	4,18,31,44,46,49
1614	5/7/2014	14,17,21,27,43,49
1615	9/7/2014	5,20,26,31,33,44
1616	12/7/2014	28,31,40,42,46,58
1617	16/07/2014	3,23,26,31,47,54
1618	19/07/2014	9,20,24,43,51,52
1619	23/07/2014	5,8,17,42,46,47
1620	26/07/2014	13,23,27,34,38,57
1621	30/07/2014	10,22,24,38,39,49
1622	2/8/2014	4,5,7,21,45,53
1623	5/8/2014	33,43,49,50,56,59
1624	7/8/2014	2,27,32,41,47,58
1625	9/8/2014	11,22,36,40,45,52
1626	13/08/2014	3,5,14,35,43,52
1627	16/08/2014	20,26,32,41,45,57
1628	20/08/2014	26,29,34,38,50,60
1629	23/08/2014	4,20,24,35,47,59
1630	27/08/2014	1,7,30,43,44,54
1631	30/08/2014	4,29,44,47,48,60
1632	3/9/2014	6,18,24,27,56,59
1633	6/9/2014	1,2,11,13,36,49
1634	10/9/2014	9,10,23,33,44,51
1635	13/09/2014	8,23,28,30,32,51
1636	17/09/2014	19,26,33,35,51,52
1637	20/09/2014	1,5,24,47,55,56
1638	24/09/2014	1,2,38,41,42,58
1639	27/09/2014	16,29,34,35,49,51
1640	1/10/2014	2,6,18,23,31,46
1641	4/10/2014	23,29,30,33,46,51
1642	8/10/2014	3,23,42,43,47,60
1643	11/10/2014	16,19,20,28,37,60
1644	15/10/2014	10,13,16,22,34,60
1645	18/10/2014	8,18,21,31,37,38
1646	22/10/2014	19,23,34,40,41,58
1647	25/10/2014	12,17,23,38,53,54
1648	29/10/2014	15,16,18,20,22,48
1649	1/11/2014	24,33,38,42,44,54
1650	5/11/2014	17,23,29,38,57,60
1651	8/11/2014	8,27,35,38,41,44
1652	12/11/2014	7,24,26,28,44,57
1653	14/11/2014	1,21,22,27,32,45
1654	19/11/2014	7,16,33,42,50,58
1655	22/11/2014	7,24,28,46,53,56
1656	26/11/2014	4,6,11,43,54,56
1657	29/11/2014	7,10,14,37,45,54
1658	3/12/2014	7,11,19,23,40,49
1659	6/12/2014	4,10,20,33,37,49
1660	10/12/2014	8,17,34,38,42,51
1661	13/12/2014	13,16,27,43,48,58
1662	17/12/2014	10,14,25,29,33,57
1663	20/12/2014	18,20,27,40,49,55
1664	24/12/2014	8,21,23,29,36,48
1665	31/12/2014	1,5,11,16,20,56
1666	3/1/2015	1,2,23,27,45,51
1667	7/1/2015	7,12,24,44,51,56
1668	10/1/2015	5,40,47,52,55,57
1669	14/01/2015	28,29,31,45,48,49
1670	17/01/2015	1,17,19,30,33,47
1671	21/01/2015	21,27,31,45,55,56
1672	24/01/2015	1,3,5,10,20,42
1673	28/01/2015	5,10,23,24,35,47
1674	31/01/2015	22,30,42,50,58,59
1675	4/2/2015	3,18,34,35,36,56
1676	7/2/2015	1,2,11,37,48,51
1677	11/2/2015	10,15,28,33,51,52
1678	14/02/2015	9,11,17,19,35,52
1679	18/02/2015	1,2,27,28,46,47
1680	21/02/2015	23,37,38,46,47,51
1681	25/02/2015	1,6,8,11,33,50
1682	28/02/2015	7,13,35,37,39,51
1683	4/3/2015	4,12,32,33,34,48
1684	7/3/2015	9,12,18,31,39,50
1685	11/3/2015	3,18,31,39,46,51
1686	14/03/2015	9,14,37,44,46,55
1687	18/03/2015	15,24,37,46,49,58
1688	21/03/2015	18,23,30,32,42,56
1689	25/03/2015	2,5,13,27,41,53
1690	28/03/2015	21,24,26,35,45,53
1691	1/4/2015	1,10,24,39,45,58
1692	4/4/2015	11,13,14,27,44,56
1693	8/4/2015	5,15,18,19,21,38
1694	11/4/2015	20,29,34,37,45,57
1695	15/04/2015	24,36,38,43,44,58
1696	18/04/2015	1,12,17,31,37,46
1697	22/04/2015	8,23,30,51,53,58
1698	25/04/2015	11,13,24,28,44,45
1699	29/04/2015	1,6,10,30,33,38
1700	2/5/2015	15,18,41,48,50,58
1701	5/5/2015	3,9,18,32,40,56
1702	7/5/2015	17,19,33,35,39,52
1703	9/5/2015	3,23,26,35,39,49
1704	13/05/2015	1,7,11,32,51,59
1705	16/05/2015	25,27,29,37,50,51
1706	20/05/2015	12,31,34,36,48,56
1707	23/05/2015	7,16,20,27,36,52
1708	27/05/2015	17,29,32,38,45,50
1709	30/05/2015	7,19,30,35,42,47
1710	3/6/2015	7,21,28,56,58,59
1711	6/6/2015	22,26,38,39,45,50
1712	10/6/2015	2,12,19,29,50,59
1713	13/06/2015	3,10,16,23,27,29
1714	17/06/2015	2,8,24,36,51,52
1715	20/06/2015	16,20,35,40,53,60
1716	24/06/2015	2,25,36,41,42,53
1717	27/06/2015	2,9,16,37,44,58
1718	1/7/2015	4,30,31,32,47,53
1719	4/7/2015	1,22,31,34,44,54
1720	7/7/2015	18,23,31,39,49,57
1721	9/7/2015	4,12,19,33,36,38
1722	11/7/2015	9,23,39,41,49,58
1723	15/07/2015	14,27,30,46,52,60
1724	18/07/2015	27,33,37,39,58,60
1725	22/07/2015	16,18,26,30,31,34
1726	25/07/2015	3,10,42,49,54,57
1727	29/07/2015	4,6,19,20,40,41
1728	1/8/2015	3,8,28,39,42,59
1729	4/8/2015	7,14,23,43,44,53
1730	6/8/2015	1,10,17,24,42,51
1731	8/8/2015	5,18,27,43,49,59
1732	12/8/2015	25,34,38,45,53,60
1733	15/08/2015	3,5,9,14,41,46
1734	19/08/2015	12,17,25,29,41,52
1735	22/08/2015	6,16,33,34,45,46
1736	26/08/2015	12,13,24,29,32,41
1737	29/08/2015	5,8,42,50,51,59
1738	2/9/2015	12,28,37,46,48,53
1739	5/9/2015	9,10,17,32,34,46
1740	9/9/2015	10,15,25,38,47,53
1741	12/9/2015	15,18,20,32,48,49
1742	16/09/2015	11,19,21,23,27,52
1743	19/09/2015	4,10,29,31,34,35
1744	23/09/2015	9,12,14,29,42,56
1745	26/09/2015	9,13,18,47,52,60
1746	30/09/2015	6,18,37,40,41,58
1747	3/10/2015	6,33,34,48,53,59
1748	7/10/2015	2,10,13,41,49,53
1749	10/10/2015	3,13,14,29,33,43
1750	13/10/2015	15,17,20,31,41,48
1751	15/10/2015	15,22,23,42,51,57
1752	17/10/2015	9,36,37,53,55,60
1753	21/10/2015	8,15,29,35,45,54
1754	24/10/2015	20,27,30,31,40,53
1755	28/10/2015	2,5,8,18,30,48
1756	31/10/2015	6,13,14,28,35,45
1757	4/11/2015	13,25,28,37,43,56
1758	7/11/2015	6,11,16,23,36,42
1759	10/11/2015	2,14,21,22,51,60
1760	13/11/2015	10,24,25,36,47,48
1761	14/11/2015	9,10,36,50,53,55
1762	18/11/2015	26,32,42,45,55,59
1763	21/11/2015	9,12,15,21,31,36
1764	25/11/2015	6,7,29,39,41,55
1765	28/11/2015	1,6,28,37,56,58
1766	2/12/2015	22,23,41,46,53,60
1767	5/12/2015	16,26,35,39,44,45
1768	9/12/2015	5,7,11,34,35,50
1769	12/12/2015	32,37,44,47,54,60
1770	16/12/2015	11,26,27,30,34,41
1771	19/12/2015	2,20,27,28,32,38
1772	22/12/2015	12,19,27,39,41,45
1773	24/12/2015	15,30,39,41,45,59
1774	26/12/2015	1,12,20,30,52,60
1775	31/12/2015	2,18,31,42,51,56
1776	2/1/2016	10,11,14,19,39,48
1777	6/1/2016	4,19,38,44,52,55
1778	9/1/2016	4,10,38,40,45,48
1779	12/1/2016	12,25,30,39,56,57
1780	14/01/2016	6,20,22,31,33,34
1781	16/01/2016	1,8,22,49,52,53
1782	20/01/2016	6,18,34,47,52,57
1783	23/01/2016	4,6,16,18,21,38
1784	27/01/2016	4,15,26,30,54,55
1785	30/01/2016	5,11,27,41,42,54
1786	2/2/2016	2,6,8,21,25,34
1787	4/2/2016	1,5,13,25,26,29
1788	6/2/2016	3,13,42,45,56,59
1789	10/2/2016	6,25,43,57,58,59
1790	13/02/2016	11,13,26,27,28,50
1791	17/02/2016	12,18,46,50,53,55
1792	20/02/2016	2,16,17,18,41,47
1793	24/02/2016	13,14,22,54,56,58
1794	27/02/2016	1,5,34,37,40,60
1795	2/3/2016	30,42,47,50,55,58
1796	5/3/2016	22,23,34,48,53,54
1797	8/3/2016	2,13,14,35,54,57
1798	10/3/2016	2,9,23,28,45,53
1799	12/3/2016	1,3,4,39,51,53
1800	16/03/2016	6,11,16,19,31,56
1801	19/03/2016	6,19,34,43,45,54
1802	23/03/2016	2,6,13,14,17,44
1803	26/03/2016	4,8,29,38,49,50
1804	30/03/2016	20,21,28,48,50,59
1805	2/4/2016	17,22,27,31,49,57
1806	6/4/2016	11,20,35,42,55,58
1807	9/4/2016	1,15,16,22,25,43
1808	13/04/2016	2,14,20,25,41,45
1809	16/04/2016	9,12,23,24,46,54
1810	20/04/2016	1,10,25,43,50,56
1811	23/04/2016	5,17,32,35,37,57
1812	27/04/2016	20,23,32,34,37,45
1813	30/04/2016	9,11,13,15,19,51
1814	3/5/2016	9,11,27,46,51,53
1815	5/5/2016	8,11,25,39,41,60
1816	7/5/2016	5,10,12,22,28,46
1817	11/5/2016	1,4,26,39,47,55
1818	14/05/2016	2,6,10,15,53,56
1819	18/05/2016	17,18,26,30,33,37
1820	21/05/2016	3,19,23,27,40,45
1821	25/05/2016	19,22,31,36,52,53
1822	28/05/2016	1,22,26,43,50,53
1823	1/6/2016	4,9,21,34,54,59
1824	4/6/2016	5,6,12,19,30,60
1825	7/6/2016	10,11,21,50,51,54
1826	9/6/2016	17,19,32,43,48,51
1827	11/6/2016	26,33,42,43,53,54
1828	15/06/2016	6,11,32,40,48,59
1829	18/06/2016	7,13,24,30,32,53
1830	22/06/2016	3,7,29,37,54,60
1831	25/06/2016	15,27,28,32,48,55
1832	29/06/2016	14,34,46,47,56,57
1833	2/7/2016	2,3,7,16,27,42
1834	6/7/2016	2,17,22,24,48,51
1835	9/7/2016	8,28,36,47,50,58
1836	12/7/2016	8,15,18,45,59,60
1837	14/07/2016	41,44,48,50,54,57
1838	16/07/2016	5,8,24,30,57,59
1839	20/07/2016	7,22,28,32,56,58
1840	23/07/2016	15,17,33,41,47,48
1841	27/07/2016	3,6,13,38,49,51
1842	30/07/2016	16,18,22,24,34,43
1843	3/8/2016	8,26,28,33,41,54
1844	6/8/2016	3,4,37,39,48,50
1845	9/8/2016	3,9,13,29,30,51
1846	11/8/2016	6,24,26,30,34,49
1847	13/08/2016	1,6,45,49,50,57
1848	17/08/2016	9,40,41,50,55,58
1849	20/08/2016	3,5,11,27,35,44
1850	24/08/2016	23,24,32,38,40,41
1851	27/08/2016	8,18,21,22,35,37
1852	31/08/2016	13,17,29,45,49,50
1853	3/9/2016	1,2,34,39,41,45
1854	8/9/2016	25,30,31,34,43,59
1855	10/9/2016	6,10,15,24,38,39
1856	14/09/2016	2,9,14,22,32,37
1857	17/09/2016	13,23,25,35,52,53
1858	20/09/2016	22,28,30,33,55,59
1859	22/09/2016	1,13,14,21,26,51
1860	24/09/2016	10,30,36,40,44,60
1861	28/09/2016	2,4,9,35,45,60
1862	1/10/2016	2,8,35,42,49,56
1863	5/10/2016	16,23,45,56,58,59
1864	8/10/2016	4,5,14,37,40,60
1865	13/10/2016	1,5,31,32,37,42
1866	15/10/2016	14,17,36,38,44,60
1867	18/10/2016	3,10,17,21,22,43
1868	20/10/2016	1,5,23,25,28,31
1869	22/10/2016	11,23,24,26,40,52
1870	26/10/2016	18,20,30,32,33,40
1871	29/10/2016	3,11,17,33,52,58
1872	3/11/2016	11,13,25,39,46,56
1873	5/11/2016	5,25,28,41,53,54
1874	8/11/2016	10,28,37,43,44,47
1875	10/11/2016	1,45,47,52,53,55
1876	12/11/2016	7,18,39,41,44,51
1877	16/11/2016	13,16,23,24,32,35
1878	19/11/2016	12,16,26,40,56,57
1879	23/11/2016	5,10,20,57,58,59
1880	26/11/2016	5,16,19,37,51,56
1881	30/11/2016	3,10,30,44,53,56
1882	3/12/2016	9,10,19,35,37,41
1883	7/12/2016	16,27,28,47,59,60
1884	10/12/2016	1,4,23,32,38,59
1885	14/12/2016	7,14,18,23,32,59
1886	17/12/2016	3,7,15,40,45,54
1887	20/12/2016	11,23,34,41,46,56
1888	22/12/2016	1,10,17,18,45,48
1889	24/12/2016	16,23,25,28,30,44
1890	31/12/2016	5,11,22,24,51,53
1891	4/1/2017	1,3,19,23,47,58
1892	7/1/2017	6,17,22,30,37,50
1893	11/1/2017	16,17,19,28,45,58
1894	14/01/2017	21,31,35,53,54,57
1895	18/01/2017	2,3,5,10,15,34
1896	21/01/2017	3,6,14,15,21,25
1897	25/01/2017	9,22,25,47,52,58
1898	28/01/2017	12,34,45,53,55,58
1899	1/2/2017	20,23,35,36,44,48
1900	4/2/2017	8,11,27,28,43,46
1901	8/2/2017	11,12,26,30,37,53
1902	11/2/2017	2,7,9,18,21,25
1903	15/02/2017	9,10,15,28,43,45
1904	18/02/2017	12,15,18,21,51,56
1905	21/02/2017	29,35,43,54,56,57
1906	23/02/2017	6,27,33,39,40,60
1907	25/02/2017	3,25,35,38,44,48
1908	1/3/2017	4,10,13,23,27,57
1909	4/3/2017	11,40,43,45,47,57
1910	8/3/2017	6,9,15,22,39,48
1911	11/3/2017	16,18,23,30,32,33
1912	15/03/2017	10,13,33,35,36,42
1913	18/03/2017	4,14,17,43,52,56
1914	22/03/2017	16,29,33,39,42,44
1915	25/03/2017	2,20,21,33,48,57
1916	29/03/2017	3,9,18,23,50,52
1917	1/4/2017	4,21,25,33,36,46
1918	5/4/2017	16,17,20,22,38,50
1919	8/4/2017	11,28,37,45,54,60
1920	12/4/2017	25,31,33,39,43,45
1921	15/04/2017	10,15,16,19,28,35
1922	19/04/2017	20,22,36,38,41,43
1923	22/04/2017	9,34,42,45,46,59
1924	26/04/2017	12,16,30,52,53,58
1925	29/04/2017	1,17,38,43,45,47
1926	3/5/2017	2,3,14,20,30,46
1927	6/5/2017	5,11,13,19,30,31
1928	9/5/2017	10,26,28,51,53,59
1929	11/5/2017	3,10,23,36,43,52
1930	13/05/2017	4,17,18,37,52,56
1931	17/05/2017	2,8,9,15,22,34
1932	20/05/2017	10,16,21,29,44,55
1933	24/05/2017	2,14,15,19,35,59
1934	27/05/2017	8,23,35,39,56,59
1935	31/05/2017	1,3,10,17,23,24
1936	3/6/2017	3,12,24,40,51,52
1937	7/6/2017	6,10,24,29,43,55
1938	10/6/2017	10,16,32,40,42,54
1939	14/06/2017	7,24,29,39,45,52
1940	17/06/2017	9,13,16,17,36,47
1941	21/06/2017	1,9,24,38,48,49
1942	24/06/2017	6,18,20,24,43,48
1943	28/06/2017	9,11,12,30,39,43
1944	1/7/2017	8,9,39,47,57,59
1945	4/7/2017	4,8,10,21,45,54
1946	6/7/2017	4,6,39,44,52,60
1947	8/7/2017	8,33,40,52,55,59
1948	12/7/2017	12,20,24,28,33,57
1949	15/07/2017	1,6,14,22,30,56
1950	19/07/2017	10,21,32,34,48,57
1951	22/07/2017	14,16,19,21,33,55
1952	26/07/2017	9,21,36,38,52,53
1953	29/07/2017	9,26,29,42,43,45
1954	2/8/2017	9,25,33,35,40,49
1955	5/8/2017	15,27,33,36,41,45
1956	8/8/2017	5,8,20,28,40,45
1957	10/8/2017	2,14,22,23,29,47
1958	12/8/2017	15,20,22,24,34,55
1959	16/08/2017	8,21,27,35,43,56
1960	19/08/2017	1,18,25,37,39,43
1961	23/08/2017	17,25,26,30,32,50
1962	26/08/2017	5,6,15,25,39,53
1963	30/08/2017	4,5,7,34,42,60
1964	2/9/2017	2,27,32,36,48,50
1965	6/9/2017	26,28,35,38,48,55
1966	9/9/2017	10,13,19,32,40,60
1967	13/09/2017	13,30,32,39,46,54
1968	16/09/2017	35,36,39,44,48,52
1969	19/09/2017	8,20,30,32,48,59
1970	21/09/2017	5,10,18,24,39,52
1971	23/09/2017	4,10,41,44,52,54
1972	27/09/2017	9,16,20,54,57,59
1973	30/09/2017	1,12,16,17,52,60
1974	4/10/2017	4,19,27,38,54,57
1975	7/10/2017	8,11,24,26,47,57
1976	11/10/2017	12,14,19,25,52,59
1977	14/10/2017	3,16,28,32,34,37
1978	17/10/2017	2,6,22,44,55,57
1979	19/10/2017	22,23,29,32,38,45
1980	21/10/2017	12,16,17,18,34,37
1981	25/10/2017	6,15,19,37,39,53
1982	28/10/2017	4,14,20,24,46,50
1983	1/11/2017	5,6,10,14,22,36
1984	4/11/2017	21,29,32,35,43,50
1985	7/11/2017	9,28,29,34,36,55
1986	9/11/2017	23,36,43,44,55,56
1987	11/11/2017	10,14,31,34,45,58
1988	16/11/2017	5,10,39,42,46,54
1989	18/11/2017	15,22,30,32,40,58
1990	22/11/2017	11,24,26,34,37,59
1991	25/11/2017	19,20,28,34,36,44
1992	29/11/2017	5,11,13,21,53,54
1993	2/12/2017	6,17,33,48,50,57
1994	6/12/2017	2,5,12,32,40,44
1995	9/12/2017	14,26,29,35,37,39
1996	13/12/2017	7,20,21,24,40,56
1997	16/12/2017	1,7,14,31,35,46
1998	19/12/2017	8,21,24,25,52,57
1999	21/12/2017	15,37,38,42,49,50
2000	31/12/2017	3,6,10,17,34,37
2001	3/1/2018	20,22,36,42,52,60
2002	6/1/2018	4,28,30,38,46,59
2003	10/1/2018	28,34,40,43,50,51
2004	13/01/2018	1,5,14,23,35,45
2005	17/01/2018	11,19,22,33,34,53
2006	20/01/2018	1,9,14,20,25,54
2007	24/01/2018	4,14,39,41,54,58
2008	27/01/2018	22,27,33,42,58,59
2009	31/01/2018	1,37,44,46,48,50
2010	3/2/2018	8,10,18,34,39,56
2011	6/2/2018	2,28,32,35,54,58
2012	8/2/2018	8,11,27,35,36,51
2013	10/2/2018	6,23,30,36,53,56
2014	14/02/2018	16,32,40,46,53,56
2015	17/02/2018	17,18,27,32,39,58
2016	21/02/2018	4,11,17,18,21,48
2017	24/02/2018	2,10,11,24,38,56
2018	28/02/2018	11,22,25,27,55,59
2019	3/3/2018	23,41,46,52,54,59
2020	7/3/2018	2,36,46,48,57,60
2021	10/3/2018	7,14,32,37,40,60
2022	14/03/2018	4,28,45,48,52,60
2023	17/03/2018	1,6,7,8,23,56
2024	21/03/2018	16,20,23,29,35,47
2025	24/03/2018	4,24,46,52,55,56
2026	28/03/2018	10,23,31,33,51,52
2027	31/03/2018	11,15,29,37,39,44
2028	4/4/2018	7,11,24,36,42,58
2029	7/4/2018	6,15,18,33,37,40
2030	11/4/2018	4,27,38,40,58,59
2031	14/04/2018	18,23,37,39,50,55
2032	17/04/2018	6,14,19,20,39,53
2033	20/04/2018	10,18,33,38,40,43
2034	25/04/2018	6,7,13,17,22,56
2035	28/04/2018	30,35,36,38,49,52
2036	2/5/2018	7,8,19,23,27,58
2037	5/5/2018	14,16,23,30,45,60
2038	8/5/2018	6,25,26,35,38,40
2039	10/5/2018	6,12,22,28,31,44
2040	12/5/2018	6,9,41,54,56,58
2041	16/05/2018	10,12,22,25,42,54
2042	19/05/2018	14,22,29,32,33,35
2043	23/05/2018	21,38,53,56,57,58
2044	26/05/2018	7,14,47,54,56,60
2045	30/05/2018	15,25,27,45,46,50
2046	2/6/2018	3,6,11,27,28,46
2047	6/6/2018	1,18,19,29,44,54
2048	9/6/2018	10,19,26,35,38,39
2049	13/06/2018	10,19,27,31,51,53
2050	16/06/2018	8,31,32,33,38,50
2051	20/06/2018	1,5,6,37,44,53
2052	23/06/2018	50,51,56,57,58,59
2053	27/06/2018	12,22,27,37,40,55
2054	30/06/2018	4,7,12,22,26,39
2055	3/7/2018	6,25,35,43,46,53
2056	5/7/2018	18,22,29,34,36,47
2057	7/7/2018	10,13,20,37,38,54
2058	11/7/2018	4,19,23,29,56,59
2059	14/07/2018	4,5,36,40,44,56
2060	18/07/2018	8,9,11,25,39,41
2061	21/07/2018	33,36,40,44,45,54
2062	25/07/2018	8,10,15,23,25,34
2063	28/07/2018	6,10,19,24,25,29
2064	1/8/2018	10,14,36,53,55,60
2065	4/8/2018	4,11,20,30,37,43
2066	8/8/2018	6,25,27,35,45,55
2067	11/8/2018	2,11,13,26,32,59
2068	14/08/2018	3,5,9,40,42,47
2069	16/08/2018	3,17,34,35,40,48
2070	18/08/2018	5,26,27,34,42,48
2071	22/08/2018	24,33,34,35,46,60
2072	25/08/2018	10,12,13,20,22,54
2073	29/08/2018	12,15,18,30,52,55
2074	1/9/2018	8,18,23,37,42,58
2075	5/9/2018	7,9,23,33,57,59
2076	8/9/2018	5,6,12,15,22,43
2077	12/9/2018	13,16,26,35,37,39
2078	15/09/2018	2,11,15,30,36,39
2079	18/09/2018	1,2,14,37,55,58
2080	20/09/2018	10,22,40,46,55,58
2081	22/09/2018	13,18,35,40,41,42
2082	26/09/2018	6,25,33,42,48,49
2083	29/09/2018	1,18,19,33,56,60
2084	3/10/2018	7,20,26,37,38,39
2085	6/10/2018	12,21,25,37,38,49
2086	10/10/2018	4,35,43,46,47,53
2087	13/10/2018	2,18,19,23,34,53
2088	17/10/2018	3,14,24,27,38,56
2089	20/10/2018	5,10,32,38,48,49
2090	23/10/2018	8,11,18,37,40,51
2091	25/10/2018	10,11,12,37,38,59
2092	27/10/2018	11,13,15,17,22,27
2093	31/10/2018	8,14,27,34,52,54
2094	3/11/2018	4,16,19,31,33,44
2095	7/11/2018	16,29,35,43,49,56
2096	10/11/2018	6,11,13,19,24,51
2097	14/11/2018	9,24,28,45,49,51
2098	17/11/2018	2,8,18,27,38,60
2099	21/11/2018	5,15,20,27,30,58
2100	24/11/2018	1,10,11,13,35,49
2101	28/11/2018	2,8,18,37,56,58
2102	1/12/2018	4,6,17,34,51,57
2103	4/12/2018	3,13,40,44,46,50
2104	6/12/2018	2,10,12,27,45,56
2105	8/12/2018	11,13,16,24,31,46
2106	12/12/2018	3,27,36,39,40,43
2107	15/12/2018	8,38,44,50,56,60
2108	18/12/2018	19,22,29,41,44,59
2109	20/12/2018	4,12,16,34,44,49
2110	31/12/2018	5,10,12,18,25,33
2111	2/1/2019	1,41,44,46,54,58
2112	5/1/2019	17,39,43,46,52,53
2113	9/1/2019	11,14,21,25,46,50
2114	12/1/2019	17,25,30,35,42,57
2115	15/01/2019	4,19,27,35,40,44
2116	17/01/2019	1,9,19,21,34,54
2117	19/01/2019	4,28,29,30,43,52
2118	23/01/2019	11,12,20,40,41,46
2119	26/01/2019	19,21,26,31,42,49
2120	30/01/2019	13,20,24,25,38,41
2121	2/2/2019	8,10,17,29,37,40
2122	6/2/2019	3,11,15,21,27,49
2123	9/2/2019	14,15,47,50,56,59
2124	13/02/2019	2,11,20,31,43,47
2125	16/02/2019	1,31,44,46,53,58
2126	20/02/2019	7,12,24,27,39,58
2127	23/02/2019	1,7,28,30,44,46
2128	26/02/2019	11,16,24,46,54,55
2129	28/02/2019	6,12,31,32,46,60
2130	2/3/2019	13,16,36,53,54,55
2131	6/3/2019	2,3,6,18,20,28
2132	9/3/2019	5,18,30,35,39,60
2133	13/03/2019	19,20,26,51,52,57
2134	16/03/2019	6,21,34,46,54,59
2135	20/03/2019	9,23,28,40,48,59
2136	23/03/2019	1,8,11,22,30,35
2137	27/03/2019	1,2,11,12,34,49
2138	30/03/2019	4,13,14,21,30,34
2139	3/4/2019	14,23,29,41,57,58
2140	6/4/2019	17,20,26,36,42,54
2141	10/4/2019	10,11,17,19,37,41
2142	13/04/2019	7,40,44,50,52,57
2143	17/04/2019	2,12,35,51,57,58
2144	20/04/2019	7,16,21,33,55,60
2145	24/04/2019	6,8,28,51,53,59
2146	27/04/2019	16,18,31,39,42,44
2147	2/5/2019	17,19,37,41,42,49
2148	4/5/2019	8,15,32,33,58,59